        0.0000  -1.411416   0.303697  -1.107719 
       10.0000  -1.426528   0.314356  -1.112172 
       20.0000  -1.411658   0.298982  -1.112676 
       30.0000  -1.411492   0.302395  -1.109097 
       40.0000  -1.419856   0.310212  -1.109644 
       50.0000  -1.426092   0.322591  -1.103501 
       60.0000  -1.406003   0.300766  -1.105237 
       70.0000  -1.420271   0.306598  -1.113673 
       80.0000  -1.419424   0.296840  -1.122585 
       90.0000  -1.425793   0.292013  -1.133780 
      100.0000  -1.428692   0.296646  -1.132047 
      110.0000  -1.432001   0.296178  -1.135823 
      120.0000  -1.426495   0.290847  -1.135648 
      130.0000  -1.437270   0.298754  -1.138516 
      140.0000  -1.429651   0.294785  -1.134866 
      150.0000  -1.437960   0.302305  -1.135655 
      160.0000  -1.431350   0.295897  -1.135453 
      170.0000  -1.429500   0.296194  -1.133305 
      180.0000  -1.434281   0.298030  -1.136251 
      190.0000  -1.428272   0.294931  -1.133341 
      200.0000  -1.423017   0.291183  -1.131834 
      210.0000  -1.431919   0.298840  -1.133079 
      220.0000  -1.430360   0.297319  -1.133041 
      230.0000  -1.427767   0.299279  -1.128488 
      240.0000  -1.429180   0.308318  -1.120862 
      250.0000  -1.418113   0.298645  -1.119468 
      260.0000  -1.425355   0.306453  -1.118902 
      270.0000  -1.418083   0.294390  -1.123693 
      280.0000  -1.427035   0.296778  -1.130256 
      290.0000  -1.426313   0.291383  -1.134930 
      300.0000  -1.426087   0.292431  -1.133656 
      310.0000  -1.428217   0.294845  -1.133372 
      320.0000  -1.422105   0.292012  -1.130094 
      330.0000  -1.429677   0.298244  -1.131433 
      340.0000  -1.433055   0.300336  -1.132719 
      350.0000  -1.436632   0.307293  -1.129338 
      360.0000  -1.430047   0.298889  -1.131158 
      370.0000  -1.422095   0.295212  -1.126883 
      380.0000  -1.433393   0.304733  -1.128659 
      390.0000  -1.429392   0.297960  -1.131433 
      400.0000  -1.425658   0.296176  -1.129482 
      410.0000  -1.423504   0.292832  -1.130672 
      420.0000  -1.431400   0.300277  -1.131123 
      430.0000  -1.420239   0.288151  -1.132088 
      440.0000  -1.431816   0.298862  -1.132954 
      450.0000  -1.424730   0.292441  -1.132289 
      460.0000  -1.424367   0.296491  -1.127876 
      470.0000  -1.422372   0.301854  -1.120518 
      480.0000  -1.425518   0.298083  -1.127435 
      490.0000  -1.422107   0.288832  -1.133275 
      500.0000  -1.421679   0.287034  -1.134645 
      510.0000  -1.440413   0.296911  -1.143502 
      520.0000  -1.448621   0.304686  -1.143935 
      530.0000  -1.444663   0.295841  -1.148823 
      540.0000  -1.440665   0.281698  -1.158968 
      550.0000  -1.445086   0.289576  -1.155511 
      560.0000  -1.443045   0.290232  -1.152814 
      570.0000  -1.448750   0.288786  -1.159964 
      580.0000  -1.451292   0.295331  -1.155961 
      590.0000  -1.445272   0.299642  -1.145630 
      600.0000  -1.437428   0.289881  -1.147547 
      610.0000  -1.437183   0.293848  -1.143335 
      620.0000  -1.439507   0.295786  -1.143721 
      630.0000  -1.436412   0.291175  -1.145237 
      640.0000  -1.440262   0.292632  -1.147629 
      650.0000  -1.448737   0.295590  -1.153147 
      660.0000  -1.446408   0.300619  -1.145789 
      670.0000  -1.432921   0.292274  -1.140648 
      680.0000  -1.438068   0.294072  -1.143995 
      690.0000  -1.441800   0.301651  -1.140149 
      700.0000  -1.425110   0.293169  -1.131942 
      710.0000  -1.436319   0.307023  -1.129296 
      720.0000  -1.438730   0.315324  -1.123405 
      730.0000  -1.436584   0.310060  -1.126525 
      740.0000  -1.420800   0.294898  -1.125901 
      750.0000  -1.429240   0.303702  -1.125539 
      760.0000  -1.433396   0.304516  -1.128881 
      770.0000  -1.430561   0.300911  -1.129650 
      780.0000  -1.428471   0.303386  -1.125085 
      790.0000  -1.436394   0.306452  -1.129943 
      800.0000  -1.431875   0.299462  -1.132414 
      810.0000  -1.436232   0.304800  -1.131432 
      820.0000  -1.423912   0.298780  -1.125131 
      830.0000  -1.420421   0.297790  -1.122631 
      840.0000  -1.421759   0.297490  -1.124269 
      850.0000  -1.417407   0.294289  -1.123117 
      860.0000  -1.424112   0.305355  -1.118757 
      870.0000  -1.425201   0.299048  -1.126154 
      880.0000  -1.430765   0.311872  -1.118893 
      890.0000  -1.428358   0.309491  -1.118867 
      900.0000  -1.422920   0.299022  -1.123898 
      910.0000  -1.424257   0.302306  -1.121951 
      920.0000  -1.423913   0.295297  -1.128616 
      930.0000  -1.429593   0.297798  -1.131795 
      940.0000  -1.425209   0.295187  -1.130022 
      950.0000  -1.433656   0.296654  -1.137002 
      960.0000  -1.423522   0.293786  -1.129736 
      970.0000  -1.440524   0.313958  -1.126566 
      980.0000  -1.434777   0.304316  -1.130461 
      990.0000  -1.426133   0.295573  -1.130560 
     1000.0000  -1.434143   0.302992  -1.131152 
     1010.0000  -1.439516   0.301181  -1.138334 
     1020.0000  -1.435959   0.295519  -1.140439 
     1030.0000  -1.434501   0.292584  -1.141917 
     1040.0000  -1.438671   0.298202  -1.140469 
     1050.0000  -1.434342   0.299900  -1.134442 
     1060.0000  -1.443928   0.307328  -1.136600 
     1070.0000  -1.438433   0.298466  -1.139968 
     1080.0000  -1.433893   0.297537  -1.136356 
     1090.0000  -1.439819   0.301730  -1.138089 
     1100.0000  -1.443519   0.310704  -1.132816 
     1110.0000  -1.428908   0.305722  -1.123186 
     1120.0000  -1.426742   0.300790  -1.125952 
     1130.0000  -1.437213   0.310711  -1.126501 
     1140.0000  -1.435096   0.304497  -1.130600 
     1150.0000  -1.420284   0.296641  -1.123643 
     1160.0000  -1.432733   0.299886  -1.132847 
     1170.0000  -1.423216   0.290031  -1.133184 
     1180.0000  -1.435807   0.298060  -1.137747 
     1190.0000  -1.422511   0.290154  -1.132357 
     1200.0000  -1.422349   0.299013  -1.123336 
     1210.0000  -1.424634   0.295106  -1.129528 
     1220.0000  -1.430381   0.299747  -1.130634 
     1230.0000  -1.440892   0.306371  -1.134521 
     1240.0000  -1.432520   0.301616  -1.130904 
     1250.0000  -1.426372   0.298376  -1.127996 
     1260.0000  -1.422112   0.298338  -1.123774 
     1270.0000  -1.422426   0.296720  -1.125706 
     1280.0000  -1.426443   0.306783  -1.119660 
     1290.0000  -1.425914   0.302699  -1.123214 
     1300.0000  -1.422007   0.299878  -1.122129 
     1310.0000  -1.431154   0.306788  -1.124366 
     1320.0000  -1.434041   0.303137  -1.130904 
     1330.0000  -1.425131   0.296202  -1.128929 
     1340.0000  -1.436134   0.306161  -1.129973 
     1350.0000  -1.428997   0.296078  -1.132919 
     1360.0000  -1.431445   0.300444  -1.131001 
     1370.0000  -1.438727   0.303739  -1.134988 
     1380.0000  -1.429047   0.296549  -1.132498 
     1390.0000  -1.430466   0.297173  -1.133293 
     1400.0000  -1.434674   0.308356  -1.126318 
     1410.0000  -1.429319   0.306183  -1.123135 
     1420.0000  -1.424698   0.300021  -1.124677 
     1430.0000  -1.418128   0.300063  -1.118065 
     1440.0000  -1.424874   0.300529  -1.124345 
     1450.0000  -1.430043   0.301391  -1.128652 
     1460.0000  -1.420141   0.298611  -1.121530 
     1470.0000  -1.427195   0.301758  -1.125437 
     1480.0000  -1.430022   0.301943  -1.128079 
     1490.0000  -1.425512   0.296108  -1.129404 
     1500.0000  -1.430052   0.296099  -1.133953 
     1510.0000  -1.427954   0.293891  -1.134063 
     1520.0000  -1.427415   0.298195  -1.129220 
     1530.0000  -1.429850   0.293349  -1.136501 
     1540.0000  -1.436954   0.300543  -1.136410 
     1550.0000  -1.434214   0.299251  -1.134963 
     1560.0000  -1.436462   0.301196  -1.135266 
     1570.0000  -1.433873   0.294331  -1.139542 
     1580.0000  -1.425191   0.291104  -1.134087 
     1590.0000  -1.426199   0.300344  -1.125855 
     1600.0000  -1.420337   0.303083  -1.117254 
     1610.0000  -1.421657   0.306065  -1.115592 
     1620.0000  -1.425590   0.305654  -1.119936 
     1630.0000  -1.430158   0.307874  -1.122284 
     1640.0000  -1.434900   0.307023  -1.127878 
     1650.0000  -1.420981   0.298253  -1.122727 
     1660.0000  -1.424744   0.302530  -1.122214 
     1670.0000  -1.424693   0.301437  -1.123256 
     1680.0000  -1.418554   0.291695  -1.126858 
     1690.0000  -1.430183   0.303322  -1.126861 
     1700.0000  -1.431320   0.300801  -1.130519 
     1710.0000  -1.428557   0.296800  -1.131758 
     1720.0000  -1.427633   0.291217  -1.136415 
     1730.0000  -1.429725   0.293951  -1.135774 
     1740.0000  -1.440338   0.304819  -1.135519 
     1750.0000  -1.438651   0.302303  -1.136348 
     1760.0000  -1.428408   0.297170  -1.131239 
     1770.0000  -1.434630   0.297828  -1.136802 
     1780.0000  -1.440034   0.298911  -1.141123 
     1790.0000  -1.442290   0.307325  -1.134965 
     1800.0000  -1.434936   0.300310  -1.134626 
     1810.0000  -1.428995   0.291795  -1.137200 
     1820.0000  -1.435707   0.294223  -1.141484 
     1830.0000  -1.440902   0.299128  -1.141774 
     1840.0000  -1.435943   0.297600  -1.138342 
     1850.0000  -1.438223   0.293995  -1.144228 
     1860.0000  -1.434422   0.298994  -1.135428 
     1870.0000  -1.432194   0.297485  -1.134709 
     1880.0000  -1.428106   0.294660  -1.133447 
     1890.0000  -1.442567   0.308476  -1.134091 
     1900.0000  -1.429585   0.301347  -1.128239 
     1910.0000  -1.421454   0.298899  -1.122556 
     1920.0000  -1.412149   0.293041  -1.119108 
     1930.0000  -1.428267   0.305687  -1.122580 
     1940.0000  -1.418539   0.300426  -1.118113 
     1950.0000  -1.428220   0.309676  -1.118544 
     1960.0000  -1.420935   0.308427  -1.112508 
     1970.0000  -1.417400   0.308210  -1.109189 
     1980.0000  -1.424376   0.300996  -1.123381 
     1990.0000  -1.424168   0.297550  -1.126618 
     2000.0000  -1.421425   0.292961  -1.128464 
     2010.0000  -1.429030   0.300159  -1.128872 
     2020.0000  -1.437761   0.306263  -1.131498 
     2030.0000  -1.437799   0.304587  -1.133212 
     2040.0000  -1.427085   0.294985  -1.132100 
     2050.0000  -1.420697   0.297413  -1.123284 
     2060.0000  -1.426812   0.304415  -1.122397 
     2070.0000  -1.430148   0.304608  -1.125541 
     2080.0000  -1.424957   0.298881  -1.126075 
     2090.0000  -1.421637   0.298875  -1.122762 
     2100.0000  -1.421421   0.298802  -1.122619 
     2110.0000  -1.423776   0.300056  -1.123720 
     2120.0000  -1.421919   0.299598  -1.122321 
     2130.0000  -1.426080   0.301637  -1.124443 
     2140.0000  -1.425109   0.297412  -1.127697 
     2150.0000  -1.431532   0.297952  -1.133581 
     2160.0000  -1.423107   0.293713  -1.129394 
     2170.0000  -1.415288   0.287729  -1.127559 
     2180.0000  -1.424388   0.302903  -1.121485 
     2190.0000  -1.423654   0.298239  -1.125415 
     2200.0000  -1.418144   0.292657  -1.125487 
     2210.0000  -1.426339   0.298362  -1.127976 
     2220.0000  -1.427830   0.295358  -1.132472 
     2230.0000  -1.433703   0.297533  -1.136170 
     2240.0000  -1.436305   0.296644  -1.139660 
     2250.0000  -1.436470   0.296705  -1.139765 
     2260.0000  -1.441274   0.294727  -1.146547 
     2270.0000  -1.424875   0.284196  -1.140679 
     2280.0000  -1.442246   0.299667  -1.142579 
     2290.0000  -1.428316   0.289013  -1.139302 
     2300.0000  -1.425069   0.288684  -1.136385 
     2310.0000  -1.433102   0.298614  -1.134488 
     2320.0000  -1.432812   0.302634  -1.130179 
     2330.0000  -1.434467   0.299231  -1.135235 
     2340.0000  -1.435291   0.299124  -1.136167 
     2350.0000  -1.431083   0.294795  -1.136288 
     2360.0000  -1.423734   0.289283  -1.134451 
     2370.0000  -1.431981   0.297450  -1.134532 
     2380.0000  -1.427523   0.291564  -1.135960 
     2390.0000  -1.434100   0.295244  -1.138856 
     2400.0000  -1.435045   0.295813  -1.139232 
     2410.0000  -1.427679   0.292103  -1.135575 
     2420.0000  -1.431443   0.300585  -1.130858 
     2430.0000  -1.432255   0.302302  -1.129953 
     2440.0000  -1.423902   0.293213  -1.130689 
     2450.0000  -1.423911   0.296560  -1.127351 
     2460.0000  -1.428337   0.302711  -1.125626 
     2470.0000  -1.420434   0.299647  -1.120787 
     2480.0000  -1.422142   0.300069  -1.122073 
     2490.0000  -1.432741   0.307805  -1.124936 
     2500.0000  -1.419395   0.298273  -1.121122 
     2510.0000  -1.424487   0.300475  -1.124012 
     2520.0000  -1.429884   0.298478  -1.131406 
     2530.0000  -1.428077   0.299602  -1.128476 
     2540.0000  -1.431578   0.303659  -1.127919 
     2550.0000  -1.429791   0.299603  -1.130188 
     2560.0000  -1.411716   0.295788  -1.115928 
     2570.0000  -1.423773   0.300986  -1.122787 
     2580.0000  -1.418155   0.292718  -1.125437 
     2590.0000  -1.415232   0.297718  -1.117514 
     2600.0000  -1.423063   0.294598  -1.128465 
     2610.0000  -1.426515   0.296164  -1.130351 
     2620.0000  -1.436143   0.306167  -1.129975 
     2630.0000  -1.433464   0.306885  -1.126579 
     2640.0000  -1.433537   0.314039  -1.119498 
     2650.0000  -1.427992   0.305525  -1.122467 
     2660.0000  -1.430543   0.303750  -1.126793 
     2670.0000  -1.435705   0.313463  -1.122242 
     2680.0000  -1.426456   0.300924  -1.125532 
     2690.0000  -1.434227   0.302275  -1.131952 
     2700.0000  -1.428888   0.300575  -1.128312 
     2710.0000  -1.426691   0.298559  -1.128132 
     2720.0000  -1.427773   0.294892  -1.132881 
     2730.0000  -1.416703   0.285195  -1.131509 
     2740.0000  -1.428344   0.290990  -1.137353 
     2750.0000  -1.427693   0.292374  -1.135319 
     2760.0000  -1.427955   0.297746  -1.130209 
     2770.0000  -1.428429   0.293165  -1.135264 
     2780.0000  -1.436702   0.299052  -1.137651 
     2790.0000  -1.431018   0.300480  -1.130538 
     2800.0000  -1.430879   0.298487  -1.132392 
     2810.0000  -1.434674   0.304898  -1.129776 
     2820.0000  -1.425338   0.299386  -1.125951 
     2830.0000  -1.421380   0.293928  -1.127452 
     2840.0000  -1.426490   0.309001  -1.117488 
     2850.0000  -1.419736   0.297024  -1.122711 
     2860.0000  -1.431906   0.304491  -1.127415 
     2870.0000  -1.422700   0.293171  -1.129529 
     2880.0000  -1.430064   0.304354  -1.125710 
     2890.0000  -1.425474   0.306341  -1.119133 
     2900.0000  -1.426660   0.307738  -1.118922 
     2910.0000  -1.417441   0.304579  -1.112862 
     2920.0000  -1.421493   0.306438  -1.115055 
     2930.0000  -1.417399   0.297793  -1.119606 
     2940.0000  -1.426412   0.298791  -1.127621 
     2950.0000  -1.438493   0.306252  -1.132241 
     2960.0000  -1.426080   0.292688  -1.133392 
     2970.0000  -1.426646   0.296733  -1.129912 
     2980.0000  -1.430468   0.298221  -1.132248 
     2990.0000  -1.430953   0.296416  -1.134537 
     3000.0000  -1.428782   0.296380  -1.132403 
     3010.0000  -1.433587   0.297757  -1.135829 
     3020.0000  -1.442860   0.303699  -1.139161 
     3030.0000  -1.439141   0.306999  -1.132142 
     3040.0000  -1.432669   0.302189  -1.130480 
     3050.0000  -1.440699   0.307708  -1.132991 
     3060.0000  -1.422498   0.290501  -1.131997 
     3070.0000  -1.425789   0.291387  -1.134402 
     3080.0000  -1.434968   0.296605  -1.138363 
     3090.0000  -1.429871   0.292472  -1.137399 
     3100.0000  -1.441267   0.301518  -1.139748 
     3110.0000  -1.425874   0.290822  -1.135052 
     3120.0000  -1.426426   0.299325  -1.127101 
     3130.0000  -1.428606   0.303404  -1.125202 
     3140.0000  -1.435338   0.311670  -1.123668 
     3150.0000  -1.429238   0.303273  -1.125965 
     3160.0000  -1.425928   0.300939  -1.124989 
     3170.0000  -1.432576   0.307871  -1.124705 
     3180.0000  -1.425029   0.299673  -1.125356 
     3190.0000  -1.430093   0.307053  -1.123040 
     3200.0000  -1.424827   0.308141  -1.116686 
     3210.0000  -1.425465   0.311082  -1.114382 
     3220.0000  -1.427139   0.307704  -1.119436 
     3230.0000  -1.426588   0.304232  -1.122355 
     3240.0000  -1.425495   0.302874  -1.122621 
     3250.0000  -1.423418   0.299731  -1.123687 
     3260.0000  -1.420820   0.303033  -1.117787 
     3270.0000  -1.427936   0.306506  -1.121429 
     3280.0000  -1.424023   0.301562  -1.122461 
     3290.0000  -1.428897   0.308281  -1.120616 
     3300.0000  -1.427336   0.296822  -1.130514 
     3310.0000  -1.430203   0.300949  -1.129254 
     3320.0000  -1.434109   0.303263  -1.130846 
     3330.0000  -1.432339   0.290686  -1.141653 
     3340.0000  -1.434093   0.292515  -1.141578 
     3350.0000  -1.433266   0.299661  -1.133605 
     3360.0000  -1.425368   0.296500  -1.128869 
     3370.0000  -1.429988   0.303790  -1.126199 
     3380.0000  -1.433552   0.302934  -1.130617 
     3390.0000  -1.431607   0.295887  -1.135720 
     3400.0000  -1.433129   0.298170  -1.134959 
     3410.0000  -1.427816   0.294196  -1.133620 
     3420.0000  -1.431427   0.301551  -1.129876 
     3430.0000  -1.425347   0.300669  -1.124677 
     3440.0000  -1.429806   0.297998  -1.131808 
     3450.0000  -1.433619   0.304106  -1.129513 
     3460.0000  -1.431703   0.297559  -1.134144 
     3470.0000  -1.433273   0.293929  -1.139344 
     3480.0000  -1.430836   0.295741  -1.135095 
     3490.0000  -1.429689   0.292092  -1.137597 
     3500.0000  -1.422383   0.285172  -1.137211 
     3510.0000  -1.428597   0.290935  -1.137662 
     3520.0000  -1.436374   0.297643  -1.138731 
     3530.0000  -1.444513   0.305011  -1.139502 
     3540.0000  -1.428295   0.294880  -1.133415 
     3550.0000  -1.421808   0.291835  -1.129974 
     3560.0000  -1.428942   0.307341  -1.121600 
     3570.0000  -1.422502   0.298757  -1.123745 
     3580.0000  -1.421972   0.300507  -1.121465 
     3590.0000  -1.430341   0.309849  -1.120491 
     3600.0000  -1.424541   0.305794  -1.118747 
     3610.0000  -1.415511   0.297328  -1.118183 
     3620.0000  -1.422184   0.300315  -1.121870 
     3630.0000  -1.429094   0.306570  -1.122524 
     3640.0000  -1.429930   0.306077  -1.123853 
     3650.0000  -1.432372   0.302817  -1.129555 
     3660.0000  -1.437278   0.305269  -1.132009 
     3670.0000  -1.430683   0.291596  -1.139087 
     3680.0000  -1.426818   0.285732  -1.141086 
     3690.0000  -1.436723   0.293389  -1.143335 
     3700.0000  -1.439436   0.298871  -1.140565 
     3710.0000  -1.418151   0.283028  -1.135123 
     3720.0000  -1.422905   0.297613  -1.125292 
     3730.0000  -1.430761   0.308140  -1.122621 
     3740.0000  -1.417580   0.297947  -1.119633 
     3750.0000  -1.418644   0.302711  -1.115933 
     3760.0000  -1.416319   0.296559  -1.119760 
     3770.0000  -1.419764   0.299570  -1.120194 
     3780.0000  -1.416318   0.294714  -1.121605 
     3790.0000  -1.434903   0.307831  -1.127072 
     3800.0000  -1.433317   0.305277  -1.128039 
     3810.0000  -1.425752   0.297478  -1.128273 
     3820.0000  -1.438078   0.304990  -1.133088 
     3830.0000  -1.431511   0.298462  -1.133049 
     3840.0000  -1.441343   0.310135  -1.131208 
     3850.0000  -1.432119   0.292124  -1.139995 
     3860.0000  -1.438673   0.294668  -1.144005 
     3870.0000  -1.438175   0.302238  -1.135937 
     3880.0000  -1.434829   0.300113  -1.134716 
     3890.0000  -1.443257   0.307309  -1.135948 
     3900.0000  -1.434890   0.299429  -1.135461 
     3910.0000  -1.428752   0.295446  -1.133306 
     3920.0000  -1.434907   0.297761  -1.137146 
     3930.0000  -1.427249   0.292615  -1.134634 
     3940.0000  -1.431471   0.297642  -1.133829 
     3950.0000  -1.436516   0.298137  -1.138379 
     3960.0000  -1.444736   0.298580  -1.146156 
     3970.0000  -1.439933   0.299595  -1.140339 
     3980.0000  -1.435712   0.291852  -1.143860 
     3990.0000  -1.440778   0.298139  -1.142639 
     4000.0000  -1.437106   0.295204  -1.141902 
     4010.0000  -1.443862   0.301302  -1.142559 
     4020.0000  -1.424709   0.285472  -1.139236 
     4030.0000  -1.438709   0.301708  -1.137001 
     4040.0000  -1.431053   0.297219  -1.133835 
     4050.0000  -1.425482   0.299071  -1.126411 
     4060.0000  -1.425757   0.298178  -1.127579 
     4070.0000  -1.431516   0.297196  -1.134320 
     4080.0000  -1.431116   0.295011  -1.136106 
     4090.0000  -1.428734   0.292533  -1.136201 
     4100.0000  -1.429234   0.295841  -1.133393 
     4110.0000  -1.431536   0.297131  -1.134405 
     4120.0000  -1.432933   0.300619  -1.132315 
     4130.0000  -1.425920   0.298747  -1.127173 
     4140.0000  -1.418630   0.291437  -1.127193 
     4150.0000  -1.430814   0.298906  -1.131908 
     4160.0000  -1.423238   0.291034  -1.132204 
     4170.0000  -1.421227   0.286494  -1.134733 
     4180.0000  -1.427089   0.292506  -1.134583 
     4190.0000  -1.433502   0.294764  -1.138737 
     4200.0000  -1.428239   0.292978  -1.135261 
     4210.0000  -1.434741   0.293265  -1.141477 
     4220.0000  -1.431930   0.292434  -1.139496 
     4230.0000  -1.434055   0.295811  -1.138244 
     4240.0000  -1.429351   0.291981  -1.137370 
     4250.0000  -1.429571   0.286989  -1.142582 
     4260.0000  -1.432362   0.290943  -1.141419 
     4270.0000  -1.428090   0.293030  -1.135060 
     4280.0000  -1.425191   0.291880  -1.133311 
     4290.0000  -1.418241   0.287237  -1.131004 
     4300.0000  -1.417066   0.291467  -1.125599 
     4310.0000  -1.416090   0.295990  -1.120100 
     4320.0000  -1.417665   0.298628  -1.119037 
     4330.0000  -1.412315   0.287701  -1.124614 
     4340.0000  -1.421277   0.295146  -1.126131 
     4350.0000  -1.420023   0.299665  -1.120357 
     4360.0000  -1.416198   0.288589  -1.127610 
     4370.0000  -1.423822   0.301419  -1.122403 
     4380.0000  -1.421241   0.295573  -1.125668 
     4390.0000  -1.415522   0.291306  -1.124216 
     4400.0000  -1.421586   0.303797  -1.117789 
     4410.0000  -1.408828   0.292029  -1.116799 
     4420.0000  -1.418226   0.306557  -1.111669 
     4430.0000  -1.414986   0.299583  -1.115403 
     4440.0000  -1.418012   0.305966  -1.112045 
     4450.0000  -1.421089   0.299637  -1.121451 
     4460.0000  -1.414503   0.296754  -1.117749 
     4470.0000  -1.413190   0.301544  -1.111646 
     4480.0000  -1.418463   0.305583  -1.112880 
     4490.0000  -1.422521   0.308655  -1.113866 
     4500.0000  -1.425372   0.308323  -1.117050 
     4510.0000  -1.419026   0.299698  -1.119328 
     4520.0000  -1.429772   0.305453  -1.124319 
     4530.0000  -1.424374   0.300345  -1.124030 
     4540.0000  -1.430214   0.303484  -1.126730 
     4550.0000  -1.429903   0.294296  -1.135607 
     4560.0000  -1.435342   0.300971  -1.134371 
     4570.0000  -1.439210   0.299741  -1.139469 
     4580.0000  -1.438860   0.304278  -1.134582 
     4590.0000  -1.429465   0.292925  -1.136539 
     4600.0000  -1.440069   0.300428  -1.139641 
     4610.0000  -1.437284   0.298626  -1.138658 
     4620.0000  -1.442660   0.294820  -1.147840 
     4630.0000  -1.438606   0.291903  -1.146702 
     4640.0000  -1.428033   0.279921  -1.148112 
     4650.0000  -1.439819   0.297774  -1.142045 
     4660.0000  -1.436071   0.288186  -1.147885 
     4670.0000  -1.439633   0.295214  -1.144418 
     4680.0000  -1.442044   0.298403  -1.143641 
     4690.0000  -1.445084   0.305768  -1.139316 
     4700.0000  -1.438585   0.295483  -1.143102 
     4710.0000  -1.430645   0.296474  -1.134171 
     4720.0000  -1.432846   0.296849  -1.135996 
     4730.0000  -1.428419   0.291823  -1.136596 
     4740.0000  -1.434274   0.292314  -1.141960 
     4750.0000  -1.435369   0.297140  -1.138229 
     4760.0000  -1.424728   0.292247  -1.132481 
     4770.0000  -1.425897   0.297888  -1.128009 
     4780.0000  -1.428573   0.302493  -1.126080 
     4790.0000  -1.418091   0.297550  -1.120542 
     4800.0000  -1.413817   0.300545  -1.113272 
     4810.0000  -1.419513   0.302526  -1.116987 
     4820.0000  -1.424869   0.307976  -1.116894 
     4830.0000  -1.414893   0.306473  -1.108420 
     4840.0000  -1.422453   0.304680  -1.117773 
     4850.0000  -1.421233   0.297556  -1.123677 
     4860.0000  -1.422735   0.301515  -1.121221 
     4870.0000  -1.417027   0.300616  -1.116411 
     4880.0000  -1.414796   0.299833  -1.114963 
     4890.0000  -1.422902   0.300152  -1.122751 
     4900.0000  -1.426091   0.304675  -1.121417 
     4910.0000  -1.424042   0.312923  -1.111119 
     4920.0000  -1.419091   0.308766  -1.110325 
     4930.0000  -1.419250   0.306036  -1.113214 
     4940.0000  -1.418186   0.305876  -1.112310 
     4950.0000  -1.422850   0.303248  -1.119601 
     4960.0000  -1.429810   0.305700  -1.124109 
     4970.0000  -1.432696   0.300185  -1.132511 
     4980.0000  -1.437149   0.304287  -1.132862 
     4990.0000  -1.432697   0.299512  -1.133186 
     5000.0000  -1.431364   0.298267  -1.133097 
     5010.0000  -1.427100   0.295372  -1.131729 
     5020.0000  -1.429654   0.304582  -1.125072 
     5030.0000  -1.417479   0.297194  -1.120284 
     5040.0000  -1.426573   0.305730  -1.120843 
     5050.0000  -1.435061   0.304685  -1.130376 
     5060.0000  -1.425812   0.298056  -1.127757 
     5070.0000  -1.420297   0.290831  -1.129466 
     5080.0000  -1.430971   0.299792  -1.131179 
     5090.0000  -1.427819   0.297023  -1.130796 
     5100.0000  -1.429981   0.300095  -1.129885 
     5110.0000  -1.420667   0.298344  -1.122323 
     5120.0000  -1.420747   0.302861  -1.117885 
     5130.0000  -1.421460   0.302026  -1.119434 
     5140.0000  -1.431135   0.310080  -1.121054 
     5150.0000  -1.412306   0.292746  -1.119560 
     5160.0000  -1.423790   0.303437  -1.120353 
     5170.0000  -1.415868   0.296817  -1.119051 
     5180.0000  -1.413070   0.297112  -1.115959 
     5190.0000  -1.427205   0.310059  -1.117146 
     5200.0000  -1.412919   0.300353  -1.112566 
     5210.0000  -1.425716   0.301849  -1.123866 
     5220.0000  -1.434451   0.305493  -1.128958 
     5230.0000  -1.433415   0.299466  -1.133949 
     5240.0000  -1.422436   0.287449  -1.134987 
     5250.0000  -1.431373   0.290810  -1.140563 
     5260.0000  -1.439259   0.301557  -1.137702 
     5270.0000  -1.430749   0.295458  -1.135290 
     5280.0000  -1.426158   0.295954  -1.130203 
     5290.0000  -1.434992   0.301465  -1.133527 
     5300.0000  -1.434125   0.297687  -1.136438 
     5310.0000  -1.432829   0.297121  -1.135708 
     5320.0000  -1.434982   0.291235  -1.143747 
     5330.0000  -1.433733   0.288612  -1.145121 
     5340.0000  -1.438339   0.292228  -1.146111 
     5350.0000  -1.433156   0.286934  -1.146222 
     5360.0000  -1.433085   0.294393  -1.138693 
     5370.0000  -1.430899   0.294950  -1.135949 
     5380.0000  -1.436848   0.297358  -1.139490 
     5390.0000  -1.429158   0.288644  -1.140514 
     5400.0000  -1.437996   0.296106  -1.141891 
     5410.0000  -1.439066   0.295131  -1.143934 
     5420.0000  -1.438861   0.294470  -1.144391 
     5430.0000  -1.442464   0.294873  -1.147591 
     5440.0000  -1.432646   0.288192  -1.144454 
     5450.0000  -1.429353   0.279132  -1.150221 
     5460.0000  -1.437542   0.286640  -1.150902 
     5470.0000  -1.436946   0.280491  -1.156455 
     5480.0000  -1.423908   0.278289  -1.145619 
     5490.0000  -1.437970   0.292307  -1.145663 
     5500.0000  -1.438936   0.299750  -1.139185 
     5510.0000  -1.430368   0.289057  -1.141311 
     5520.0000  -1.430248   0.290693  -1.139555 
     5530.0000  -1.440637   0.301793  -1.138844 
     5540.0000  -1.431005   0.291906  -1.139099 
     5550.0000  -1.425402   0.289224  -1.136179 
     5560.0000  -1.421574   0.292897  -1.128677 
     5570.0000  -1.424379   0.293830  -1.130549 
     5580.0000  -1.426969   0.296686  -1.130282 
     5590.0000  -1.426785   0.298861  -1.127924 
     5600.0000  -1.421238   0.298113  -1.123124 
     5610.0000  -1.424117   0.305779  -1.118338 
     5620.0000  -1.417887   0.305067  -1.112820 
     5630.0000  -1.417599   0.305386  -1.112213 
     5640.0000  -1.420175   0.304129  -1.116046 
     5650.0000  -1.420643   0.300919  -1.119724 
     5660.0000  -1.418273   0.292208  -1.126064 
     5670.0000  -1.418291   0.287760  -1.130531 
     5680.0000  -1.426571   0.297193  -1.129378 
     5690.0000  -1.436355   0.302384  -1.133972 
     5700.0000  -1.438000   0.307744  -1.130256 
     5710.0000  -1.427180   0.296728  -1.130452 
     5720.0000  -1.427566   0.292232  -1.135334 
     5730.0000  -1.424968   0.290520  -1.134448 
     5740.0000  -1.430149   0.296468  -1.133681 
     5750.0000  -1.421374   0.291279  -1.130094 
     5760.0000  -1.426060   0.294548  -1.131512 
     5770.0000  -1.425648   0.299115  -1.126533 
     5780.0000  -1.424910   0.296513  -1.128398 
     5790.0000  -1.429294   0.306154  -1.123140 
     5800.0000  -1.426096   0.303239  -1.122857 
     5810.0000  -1.428755   0.312069  -1.116686 
     5820.0000  -1.418525   0.305041  -1.113484 
     5830.0000  -1.416575   0.297046  -1.119529 
     5840.0000  -1.428082   0.303229  -1.124853 
     5850.0000  -1.419570   0.298626  -1.120944 
     5860.0000  -1.421680   0.299013  -1.122667 
     5870.0000  -1.426909   0.298757  -1.128152 
     5880.0000  -1.431038   0.305931  -1.125107 
     5890.0000  -1.420994   0.298349  -1.122646 
     5900.0000  -1.425626   0.304300  -1.121326 
     5910.0000  -1.421916   0.308221  -1.113695 
     5920.0000  -1.428468   0.317781  -1.110688 
     5930.0000  -1.419589   0.309087  -1.110502 
     5940.0000  -1.420345   0.309597  -1.110748 
     5950.0000  -1.420588   0.310510  -1.110078 
     5960.0000  -1.414913   0.307489  -1.107424 
     5970.0000  -1.416815   0.310713  -1.106102 
     5980.0000  -1.413226   0.304588  -1.108638 
     5990.0000  -1.415489   0.310542  -1.104946 
     6000.0000  -1.406592   0.301200  -1.105391 
     6010.0000  -1.412542   0.306562  -1.105980 
     6020.0000  -1.410975   0.303076  -1.107899 
     6030.0000  -1.413411   0.300170  -1.113241 
     6040.0000  -1.421703   0.308132  -1.113571 
     6050.0000  -1.421208   0.303342  -1.117866 
     6060.0000  -1.421306   0.302845  -1.118461 
     6070.0000  -1.411239   0.289216  -1.122023 
     6080.0000  -1.422933   0.301004  -1.121929 
     6090.0000  -1.431897   0.302899  -1.128998 
     6100.0000  -1.430803   0.299675  -1.131128 
     6110.0000  -1.422104   0.294799  -1.127305 
     6120.0000  -1.432118   0.302554  -1.129565 
     6130.0000  -1.427008   0.296130  -1.130878 
     6140.0000  -1.423763   0.301226  -1.122537 
     6150.0000  -1.420427   0.291945  -1.128481 
     6160.0000  -1.434458   0.310388  -1.124070 
     6170.0000  -1.428848   0.307195  -1.121653 
     6180.0000  -1.428421   0.305424  -1.122996 
     6190.0000  -1.414944   0.291046  -1.123898 
     6200.0000  -1.429789   0.299648  -1.130141 
     6210.0000  -1.429680   0.299942  -1.129738 
     6220.0000  -1.427825   0.299996  -1.127828 
     6230.0000  -1.435971   0.306051  -1.129921 
     6240.0000  -1.420675   0.289376  -1.131299 
     6250.0000  -1.428984   0.295318  -1.133665 
     6260.0000  -1.423853   0.283006  -1.140848 
     6270.0000  -1.428034   0.295105  -1.132929 
     6280.0000  -1.429902   0.295992  -1.133910 
     6290.0000  -1.426940   0.291358  -1.135583 
     6300.0000  -1.426745   0.295968  -1.130776 
     6310.0000  -1.424563   0.299401  -1.125162 
     6320.0000  -1.434788   0.311949  -1.122839 
     6330.0000  -1.427988   0.305782  -1.122206 
     6340.0000  -1.426840   0.296463  -1.130378 
     6350.0000  -1.431935   0.299954  -1.131981 
     6360.0000  -1.417078   0.282169  -1.134909 
     6370.0000  -1.430016   0.289907  -1.140109 
     6380.0000  -1.439934   0.291398  -1.148535 
     6390.0000  -1.439385   0.285775  -1.153610 
     6400.0000  -1.442825   0.289310  -1.153515 
     6410.0000  -1.433685   0.288227  -1.145458 
     6420.0000  -1.435710   0.291698  -1.144012 
     6430.0000  -1.437340   0.290056  -1.147284 
     6440.0000  -1.433113   0.291953  -1.141160 
     6450.0000  -1.443616   0.306554  -1.137063 
     6460.0000  -1.434094   0.296333  -1.137761 
     6470.0000  -1.434911   0.303042  -1.131869 
     6480.0000  -1.431016   0.304007  -1.127009 
     6490.0000  -1.417615   0.301626  -1.115989 
     6500.0000  -1.418109   0.300518  -1.117591 
     6510.0000  -1.423966   0.309002  -1.114964 
     6520.0000  -1.421150   0.309315  -1.111835 
     6530.0000  -1.419097   0.307352  -1.111745 
     6540.0000  -1.420715   0.310995  -1.109721 
     6550.0000  -1.408441   0.304179  -1.104261 
     6560.0000  -1.417632   0.315413  -1.102219 
     6570.0000  -1.420387   0.304542  -1.115845 
     6580.0000  -1.415310   0.302082  -1.113228 
     6590.0000  -1.420443   0.306833  -1.113611 
     6600.0000  -1.409063   0.292071  -1.116992 
     6610.0000  -1.419056   0.303814  -1.115243 
     6620.0000  -1.415055   0.297543  -1.117512 
     6630.0000  -1.416856   0.294696  -1.122160 
     6640.0000  -1.425297   0.304841  -1.120456 
     6650.0000  -1.424391   0.300300  -1.124091 
     6660.0000  -1.423382   0.295870  -1.127512 
     6670.0000  -1.421625   0.301271  -1.120354 
     6680.0000  -1.427757   0.306692  -1.121065 
     6690.0000  -1.416406   0.297190  -1.119216 
     6700.0000  -1.410496   0.296454  -1.114042 
     6710.0000  -1.419632   0.306459  -1.113172 
     6720.0000  -1.417905   0.294161  -1.123744 
     6730.0000  -1.415247   0.292396  -1.122852 
     6740.0000  -1.424800   0.303851  -1.120949 
     6750.0000  -1.425586   0.301885  -1.123701 
     6760.0000  -1.416212   0.295195  -1.121016 
     6770.0000  -1.409509   0.288377  -1.121132 
     6780.0000  -1.420261   0.295184  -1.125077 
     6790.0000  -1.420448   0.297403  -1.123045 
     6800.0000  -1.432443   0.301501  -1.130942 
     6810.0000  -1.424338   0.285974  -1.138364 
     6820.0000  -1.432069   0.298020  -1.134049 
     6830.0000  -1.425190   0.292463  -1.132727 
     6840.0000  -1.430894   0.301773  -1.129121 
     6850.0000  -1.421228   0.297970  -1.123257 
     6860.0000  -1.419901   0.296729  -1.123172 
     6870.0000  -1.426701   0.302242  -1.124459 
     6880.0000  -1.428144   0.304266  -1.123878 
     6890.0000  -1.418935   0.303161  -1.115774 
     6900.0000  -1.415635   0.299368  -1.116267 
     6910.0000  -1.421605   0.309228  -1.112377 
     6920.0000  -1.413102   0.311362  -1.101740 
     6930.0000  -1.407566   0.308653  -1.098913 
     6940.0000  -1.409838   0.308565  -1.101273 
     6950.0000  -1.408630   0.297941  -1.110689 
     6960.0000  -1.414144   0.309854  -1.104290 
     6970.0000  -1.410557   0.304099  -1.106457 
     6980.0000  -1.411628   0.308699  -1.102930 
     6990.0000  -1.415573   0.315040  -1.100533 
     7000.0000  -1.406249   0.302265  -1.103984 
     7010.0000  -1.407370   0.294485  -1.112885 
     7020.0000  -1.417467   0.302920  -1.114547 
     7030.0000  -1.419816   0.302065  -1.117751 
     7040.0000  -1.425179   0.307674  -1.117505 
     7050.0000  -1.420778   0.304872  -1.115906 
     7060.0000  -1.416794   0.300724  -1.116070 
     7070.0000  -1.430158   0.309883  -1.120275 
     7080.0000  -1.431817   0.304684  -1.127133 
     7090.0000  -1.426997   0.304048  -1.122949 
     7100.0000  -1.417764   0.297285  -1.120479 
     7110.0000  -1.429504   0.309473  -1.120030 
     7120.0000  -1.434196   0.306627  -1.127568 
     7130.0000  -1.431272   0.304169  -1.127103 
     7140.0000  -1.434246   0.302073  -1.132174 
     7150.0000  -1.427985   0.290725  -1.137260 
     7160.0000  -1.433872   0.301450  -1.132422 
     7170.0000  -1.426113   0.293733  -1.132381 
     7180.0000  -1.437556   0.306809  -1.130747 
     7190.0000  -1.422446   0.290012  -1.132433 
     7200.0000  -1.423511   0.300670  -1.122842 
     7210.0000  -1.422695   0.292336  -1.130359 
     7220.0000  -1.431143   0.293159  -1.137984 
     7230.0000  -1.426464   0.295139  -1.131324 
     7240.0000  -1.426090   0.288852  -1.137238 
     7250.0000  -1.420683   0.289799  -1.130884 
     7260.0000  -1.435822   0.305547  -1.130274 
     7270.0000  -1.422662   0.293883  -1.128779 
     7280.0000  -1.425190   0.294541  -1.130649 
     7290.0000  -1.431833   0.306140  -1.125694 
     7300.0000  -1.425645   0.297500  -1.128145 
     7310.0000  -1.423029   0.298334  -1.124695 
     7320.0000  -1.420166   0.299353  -1.120813 
     7330.0000  -1.428506   0.303550  -1.124956 
     7340.0000  -1.423364   0.295665  -1.127699 
     7350.0000  -1.427025   0.297477  -1.129548 
     7360.0000  -1.424556   0.295871  -1.128685 
     7370.0000  -1.426253   0.300941  -1.125313 
     7380.0000  -1.421140   0.297173  -1.123968 
     7390.0000  -1.417519   0.290791  -1.126728 
     7400.0000  -1.425844   0.297683  -1.128160 
     7410.0000  -1.430068   0.305228  -1.124840 
     7420.0000  -1.426186   0.303414  -1.122772 
     7430.0000  -1.423357   0.293858  -1.129499 
     7440.0000  -1.431326   0.302490  -1.128837 
     7450.0000  -1.429268   0.298264  -1.131004 
     7460.0000  -1.425781   0.298116  -1.127664 
     7470.0000  -1.424575   0.299496  -1.125079 
     7480.0000  -1.425973   0.300992  -1.124982 
     7490.0000  -1.424016   0.300541  -1.123475 
     7500.0000  -1.428647   0.294414  -1.134233 
     7510.0000  -1.428620   0.293057  -1.135563 
     7520.0000  -1.428683   0.290603  -1.138080 
     7530.0000  -1.429366   0.291583  -1.137782 
     7540.0000  -1.422878   0.286801  -1.136077 
     7550.0000  -1.429831   0.293430  -1.136401 
     7560.0000  -1.433038   0.297355  -1.135683 
     7570.0000  -1.432367   0.289198  -1.143170 
     7580.0000  -1.438808   0.304898  -1.133911 
     7590.0000  -1.433049   0.297601  -1.135448 
     7600.0000  -1.432832   0.300302  -1.132529 
     7610.0000  -1.418940   0.286270  -1.132671 
     7620.0000  -1.429664   0.299999  -1.129665 
     7630.0000  -1.424492   0.300688  -1.123805 
     7640.0000  -1.426018   0.300870  -1.125148 
     7650.0000  -1.431750   0.306730  -1.125020 
     7660.0000  -1.425867   0.301120  -1.124747 
     7670.0000  -1.429772   0.304929  -1.124842 
     7680.0000  -1.418622   0.301430  -1.117191 
     7690.0000  -1.424290   0.307554  -1.116736 
     7700.0000  -1.415700   0.300654  -1.115045 
     7710.0000  -1.411820   0.297647  -1.114173 
     7720.0000  -1.426565   0.306728  -1.119837 
     7730.0000  -1.422316   0.299703  -1.122613 
     7740.0000  -1.414935   0.296485  -1.118450 
     7750.0000  -1.425408   0.311697  -1.113710 
     7760.0000  -1.418137   0.303157  -1.114981 
     7770.0000  -1.418532   0.304570  -1.113962 
     7780.0000  -1.417942   0.307301  -1.110641 
     7790.0000  -1.420338   0.311776  -1.108563 
     7800.0000  -1.422113   0.315608  -1.106504 
     7810.0000  -1.420029   0.306493  -1.113536 
     7820.0000  -1.419201   0.306590  -1.112610 
     7830.0000  -1.413051   0.303406  -1.109646 
     7840.0000  -1.411918   0.296610  -1.115308 
     7850.0000  -1.411353   0.293217  -1.118135 
     7860.0000  -1.416078   0.296616  -1.119462 
     7870.0000  -1.421234   0.302997  -1.118238 
     7880.0000  -1.412228   0.304474  -1.107754 
     7890.0000  -1.419735   0.308674  -1.111060 
     7900.0000  -1.412488   0.307143  -1.105345 
     7910.0000  -1.404390   0.297781  -1.106609 
     7920.0000  -1.410011   0.302697  -1.107314 
     7930.0000  -1.410785   0.302822  -1.107963 
     7940.0000  -1.408754   0.298416  -1.110338 
     7950.0000  -1.412225   0.297153  -1.115073 
     7960.0000  -1.416742   0.298731  -1.118011 
     7970.0000  -1.413488   0.300901  -1.112587 
     7980.0000  -1.413337   0.298131  -1.115206 
     7990.0000  -1.405048   0.295900  -1.109148 
     8000.0000  -1.405563   0.301882  -1.103682 
     8010.0000  -1.404848   0.303583  -1.101265 
     8020.0000  -1.406000   0.305981  -1.100019 
     8030.0000  -1.408431   0.309411  -1.099020 
     8040.0000  -1.407492   0.309158  -1.098333 
     8050.0000  -1.399652   0.297832  -1.101820 
     8060.0000  -1.408174   0.307108  -1.101066 
     8070.0000  -1.407296   0.309556  -1.097740 
     8080.0000  -1.403501   0.303275  -1.100226 
     8090.0000  -1.414214   0.314098  -1.100116 
     8100.0000  -1.407170   0.305068  -1.102102 
     8110.0000  -1.411419   0.303580  -1.107838 
     8120.0000  -1.416236   0.311206  -1.105031 
     8130.0000  -1.415813   0.304294  -1.111519 
     8140.0000  -1.415803   0.308455  -1.107348 
     8150.0000  -1.405795   0.299174  -1.106620 
     8160.0000  -1.404537   0.298632  -1.105905 
     8170.0000  -1.402959   0.296000  -1.106959 
     8180.0000  -1.418306   0.310068  -1.108238 
     8190.0000  -1.400683   0.291586  -1.109097 
     8200.0000  -1.414336   0.306335  -1.108001 
     8210.0000  -1.416239   0.304692  -1.111548 
     8220.0000  -1.417508   0.311646  -1.105863 
     8230.0000  -1.411982   0.301735  -1.110247 
     8240.0000  -1.415515   0.295721  -1.119794 
     8250.0000  -1.410988   0.302337  -1.108651 
     8260.0000  -1.417447   0.309128  -1.108319 
     8270.0000  -1.408390   0.296453  -1.111937 
     8280.0000  -1.409699   0.297323  -1.112377 
     8290.0000  -1.416194   0.293884  -1.122310 
     8300.0000  -1.411885   0.296152  -1.115733 
     8310.0000  -1.422491   0.308572  -1.113919 
     8320.0000  -1.418823   0.306770  -1.112053 
     8330.0000  -1.420015   0.301648  -1.118367 
     8340.0000  -1.427697   0.304517  -1.123180 
     8350.0000  -1.425275   0.296711  -1.128564 
     8360.0000  -1.431886   0.298722  -1.133164 
     8370.0000  -1.432928   0.296913  -1.136015 
     8380.0000  -1.433904   0.296039  -1.137865 
     8390.0000  -1.419764   0.294860  -1.124904 
     8400.0000  -1.441165   0.309448  -1.131717 
     8410.0000  -1.417072   0.283728  -1.133344 
     8420.0000  -1.425687   0.293906  -1.131781 
     8430.0000  -1.420540   0.293728  -1.126812 
     8440.0000  -1.420714   0.300576  -1.120138 
     8450.0000  -1.425073   0.307188  -1.117885 
     8460.0000  -1.425616   0.303967  -1.121649 
     8470.0000  -1.429159   0.299900  -1.129259 
     8480.0000  -1.424527   0.297270  -1.127257 
     8490.0000  -1.433857   0.298533  -1.135324 
     8500.0000  -1.435131   0.302837  -1.132294 
     8510.0000  -1.426776   0.296193  -1.130583 
     8520.0000  -1.422314   0.298238  -1.124076 
     8530.0000  -1.421100   0.296799  -1.124301 
     8540.0000  -1.418771   0.301893  -1.116878 
     8550.0000  -1.415909   0.296242  -1.119668 
     8560.0000  -1.434023   0.311093  -1.122929 
     8570.0000  -1.419042   0.295399  -1.123643 
     8580.0000  -1.424480   0.303295  -1.121186 
     8590.0000  -1.420944   0.298285  -1.122659 
     8600.0000  -1.429285   0.300453  -1.128831 
     8610.0000  -1.432237   0.299643  -1.132594 
     8620.0000  -1.413787   0.289378  -1.124410 
     8630.0000  -1.423252   0.300775  -1.122477 
     8640.0000  -1.419261   0.301115  -1.118145 
     8650.0000  -1.418012   0.298839  -1.119173 
     8660.0000  -1.417812   0.299704  -1.118108 
     8670.0000  -1.416573   0.296069  -1.120504 
     8680.0000  -1.430006   0.308555  -1.121451 
     8690.0000  -1.418621   0.299812  -1.118810 
     8700.0000  -1.412803   0.289821  -1.122982 
     8710.0000  -1.424728   0.295778  -1.128949 
     8720.0000  -1.424205   0.304365  -1.119841 
     8730.0000  -1.426245   0.305141  -1.121103 
     8740.0000  -1.416060   0.288682  -1.127378 
     8750.0000  -1.419512   0.291386  -1.128127 
     8760.0000  -1.428680   0.306417  -1.122263 
     8770.0000  -1.410522   0.291388  -1.119134 
     8780.0000  -1.413718   0.294727  -1.118990 
     8790.0000  -1.427486   0.300687  -1.126799 
     8800.0000  -1.414689   0.293698  -1.120991 
     8810.0000  -1.416467   0.302329  -1.114138 
     8820.0000  -1.414854   0.304410  -1.110444 
     8830.0000  -1.418528   0.310142  -1.108385 
     8840.0000  -1.412592   0.301467  -1.111125 
     8850.0000  -1.407516   0.303051  -1.104465 
     8860.0000  -1.408872   0.303022  -1.105850 
     8870.0000  -1.418285   0.310839  -1.107446 
     8880.0000  -1.404025   0.296897  -1.107128 
     8890.0000  -1.410522   0.304917  -1.105605 
     8900.0000  -1.415906   0.311674  -1.104231 
     8910.0000  -1.416342   0.313162  -1.103180 
     8920.0000  -1.406291   0.298244  -1.108048 
     8930.0000  -1.407867   0.300019  -1.107848 
     8940.0000  -1.403831   0.298528  -1.105303 
     8950.0000  -1.404025   0.293258  -1.110767 
     8960.0000  -1.410518   0.298969  -1.111548 
     8970.0000  -1.414141   0.295234  -1.118907 
     8980.0000  -1.408572   0.288930  -1.119642 
     8990.0000  -1.412103   0.296106  -1.115997 
     9000.0000  -1.418014   0.305884  -1.112130 
     9010.0000  -1.421309   0.312916  -1.108393 
     9020.0000  -1.410662   0.310119  -1.100543 
     9030.0000  -1.404198   0.303158  -1.101040 
     9040.0000  -1.412191   0.304916  -1.107275 
     9050.0000  -1.409433   0.293757  -1.115676 
     9060.0000  -1.417994   0.306648  -1.111346 
     9070.0000  -1.415751   0.303612  -1.112139 
     9080.0000  -1.408527   0.296874  -1.111653 
     9090.0000  -1.420412   0.308153  -1.112259 
     9100.0000  -1.428742   0.309203  -1.119539 
     9110.0000  -1.428462   0.309316  -1.119147 
     9120.0000  -1.423141   0.301601  -1.121540 
     9130.0000  -1.423647   0.298696  -1.124951 
     9140.0000  -1.417743   0.297105  -1.120638 
     9150.0000  -1.419651   0.306871  -1.112780 
     9160.0000  -1.416544   0.301433  -1.115111 
     9170.0000  -1.412945   0.303003  -1.109943 
     9180.0000  -1.416713   0.304548  -1.112165 
     9190.0000  -1.415904   0.292804  -1.123100 
     9200.0000  -1.433433   0.301384  -1.132049 
     9210.0000  -1.433192   0.304163  -1.129029 
     9220.0000  -1.425037   0.298900  -1.126136 
     9230.0000  -1.421539   0.295359  -1.126180 
     9240.0000  -1.427039   0.306949  -1.120090 
     9250.0000  -1.426747   0.306982  -1.119764 
     9260.0000  -1.424504   0.303152  -1.121352 
     9270.0000  -1.425694   0.303871  -1.121823 
     9280.0000  -1.424000   0.300756  -1.123244 
     9290.0000  -1.419091   0.297950  -1.121142 
     9300.0000  -1.426414   0.303628  -1.122786 
     9310.0000  -1.419885   0.300621  -1.119263 
     9320.0000  -1.416678   0.307531  -1.109147 
     9330.0000  -1.417441   0.302356  -1.115085 
     9340.0000  -1.414500   0.301702  -1.112798 
     9350.0000  -1.423105   0.305553  -1.117552 
     9360.0000  -1.426348   0.299251  -1.127098 
     9370.0000  -1.425594   0.296669  -1.128925 
     9380.0000  -1.435348   0.304652  -1.130696 
     9390.0000  -1.427128   0.298016  -1.129112 
     9400.0000  -1.428363   0.295518  -1.132846 
     9410.0000  -1.433805   0.295596  -1.138209 
     9420.0000  -1.430801   0.297732  -1.133069 
     9430.0000  -1.422290   0.297998  -1.124292 
     9440.0000  -1.422866   0.301473  -1.121393 
     9450.0000  -1.418190   0.297131  -1.121059 
     9460.0000  -1.422437   0.297054  -1.125384 
     9470.0000  -1.424992   0.299868  -1.125124 
     9480.0000  -1.422272   0.295273  -1.126999 
     9490.0000  -1.421172   0.293919  -1.127253 
     9500.0000  -1.422294   0.300787  -1.121507 
     9510.0000  -1.415123   0.295904  -1.119219 
     9520.0000  -1.414629   0.299047  -1.115582 
     9530.0000  -1.423111   0.306927  -1.116184 
     9540.0000  -1.419339   0.307642  -1.111697 
     9550.0000  -1.426727   0.307152  -1.119576 
     9560.0000  -1.428699   0.309637  -1.119061 
     9570.0000  -1.427302   0.303901  -1.123402 
     9580.0000  -1.425996   0.294849  -1.131147 
     9590.0000  -1.430358   0.301809  -1.128549 
     9600.0000  -1.420716   0.293474  -1.127242 
     9610.0000  -1.428537   0.302087  -1.126450 
     9620.0000  -1.434620   0.300442  -1.134178 
     9630.0000  -1.436916   0.301831  -1.135085 
     9640.0000  -1.439823   0.300086  -1.139737 
     9650.0000  -1.427657   0.292979  -1.134678 
     9660.0000  -1.430060   0.299376  -1.130684 
     9670.0000  -1.437139   0.300949  -1.136190 
     9680.0000  -1.434703   0.295209  -1.139494 
     9690.0000  -1.438858   0.295405  -1.143453 
     9700.0000  -1.435668   0.293650  -1.142017 
     9710.0000  -1.440139   0.298432  -1.141706 
     9720.0000  -1.435357   0.292750  -1.142607 
     9730.0000  -1.434613   0.300471  -1.134141 
     9740.0000  -1.428305   0.299276  -1.129029 
     9750.0000  -1.424483   0.293948  -1.130535 
     9760.0000  -1.432019   0.299851  -1.132168 
     9770.0000  -1.429382   0.298392  -1.130990 
     9780.0000  -1.425220   0.300131  -1.125090 
     9790.0000  -1.432073   0.308213  -1.123859 
     9800.0000  -1.423019   0.303438  -1.119581 
     9810.0000  -1.424362   0.304909  -1.119453 
     9820.0000  -1.430746   0.310269  -1.120477 
     9830.0000  -1.424812   0.300343  -1.124469 
     9840.0000  -1.427483   0.301194  -1.126289 
     9850.0000  -1.429946   0.300914  -1.129032 
     9860.0000  -1.434721   0.296595  -1.138126 
     9870.0000  -1.429143   0.297815  -1.131328 
     9880.0000  -1.429807   0.297009  -1.132798 
     9890.0000  -1.438230   0.299317  -1.138913 
     9900.0000  -1.423544   0.283842  -1.139702 
     9910.0000  -1.427455   0.289407  -1.138048 
     9920.0000  -1.429523   0.292995  -1.136528 
     9930.0000  -1.437442   0.304172  -1.133270 
     9940.0000  -1.424504   0.293234  -1.131270 
     9950.0000  -1.432418   0.299358  -1.133060 
     9960.0000  -1.433491   0.296896  -1.136596 
     9970.0000  -1.438457   0.303358  -1.135099 
     9980.0000  -1.423622   0.300090  -1.123532 
     9990.0000  -1.431758   0.306163  -1.125595 
    10000.0000  -1.421473   0.298624  -1.122849 
