t = 0
b = 145.520000 145.520000 145.520000
E = 0.000000 0.000000 0.000000
31.4662480021 35.9417520766 6.62596853722 -0.915235145052 -0.402920127644 0.0 0.0 0.0 1.0 0.0 0.0 0.0 0.0 0.0 0.0
31.2328654181 36.2101926771 7.01573139235 -0.526264171629 -0.85032112855 0.0 0.0 0.0 1.0 0.0 0.0 0.0 0.0 0.0 0.0
30.8885044327 36.2993178606 7.40549424748 0.047670803966 -0.998863100955 0.0 0.0 0.0 1.0 0.0 0.0 0.0 0.0 0.0 0.0
30.5541962495 36.1778031486 7.79525710261 0.604851109257 -0.796338581026 0.0 0.0 0.0 1.0 0.0 0.0 0.0 0.0 0.0 0.0
30.3474388531 35.88835684 8.18501995774 0.949446769958 -0.313928066626 0.0 0.0 0.0 1.0 0.0 0.0 0.0 0.0 0.0 0.0
30.3409004538 35.5327094923 8.57478281287 0.960344102162 0.278817512799 0.0 0.0 0.0 1.0 0.0 0.0 0.0 0.0 0.0 0.0
30.5368790771 35.2358590826 8.964545668 0.633713063303 0.773568195701 0.0 0.0 0.0 1.0 0.0 0.0 0.0 0.0 0.0 0.0
30.8664948858 35.1021384588 9.35430852313 0.0843533821835 0.99643590206 0.0 0.0 0.0 1.0 0.0 0.0 0.0 0.0 0.0 0.0
31.2138991057 35.1785458835 9.74407137826 -0.494653650982 0.869090194152 0.0 0.0 0.0 1.0 0.0 0.0 0.0 0.0 0.0 0.0
31.4569909396 35.4382267392 10.1338342334 -0.899806707557 0.436288767946 0.0 0.0 0.0 1.0 0.0 0.0 0.0 0.0 0.0 0.0
31.5103318552 35.7899120151 10.5235970885 -0.988708233468 -0.149853358562 0.0 0.0 0.0 1.0 0.0 0.0 0.0 0.0 0.0 0.0
31.3950917892 36.0626712839 10.9133599436 -0.796641456772 -0.604452139836 0.0 0.0 0.0 1.0 0.0 0.0 0.0 0.0 0.0 0.0
31.0973035262 36.2723016524 11.3031227988 -0.30032768522 -0.953836087329 0.0 0.0 0.0 1.0 0.0 0.0 0.0 0.0 0.0 0.0
30.733131462 36.2710980937 11.6928856539 0.3066257552 -0.951830156198 0.0 0.0 0.0 1.0 0.0 0.0 0.0 0.0 0.0 0.0
30.4367353112 36.0595039947 12.082648509 0.800619339798 -0.599173324457 0.0 0.0 0.0 1.0 0.0 0.0 0.0 0.0 0.0 0.0
30.3173063793 35.7154698813 12.4724113642 0.999667559703 -0.0257831355367 0.0 0.0 0.0 1.0 0.0 0.0 0.0 0.0 0.0 0.0
30.418841867 35.3657367178 12.8621742193 0.830441746853 0.557105470342 0.0 0.0 0.0 1.0 0.0 0.0 0.0 0.0 0.0 0.0
30.7039364558 35.1391449784 13.2519370744 0.355284098851 0.934758369368 0.0 0.0 0.0 1.0 0.0 0.0 0.0 0.0 0.0 0.0
31.0040536957 35.1063332102 13.6416999296 -0.144911300926 0.989444649722 0.0 0.0 0.0 1.0 0.0 0.0 0.0 0.0 0.0 0.0
31.3363965653 35.2708191649 14.0314627847 -0.698816083699 0.715301391837 0.0 0.0 0.0 1.0 0.0 0.0 0.0 0.0 0.0 0.0
31.5085854494 35.599237192 14.4212256398 -0.985797557146 0.167938013339 0.0 0.0 0.0 1.0 0.0 0.0 0.0 0.0 0.0 0.0
31.4548502149 35.9661430885 14.810988495 -0.896238832941 -0.443571814172 0.0 0.0 0.0 1.0 0.0 0.0 0.0 0.0 0.0 0.0
31.1957158424 36.2313916311 15.2007513501 -0.46434821224 -0.885652718502 0.0 0.0 0.0 1.0 0.0 0.0 0.0 0.0 0.0 0.0
30.8301626016 36.2936671511 15.5905142052 0.144907189242 -0.989445251899 0.0 0.0 0.0 1.0 0.0 0.0 0.0 0.0 0.0 0.0
30.4978190484 36.1291825775 15.9802770603 0.698813111225 -0.715304295793 0.0 0.0 0.0 1.0 0.0 0.0 0.0 0.0 0.0 0.0
30.3532913426 35.905212086 16.3700399155 0.939692620786 -0.342020143326 0.0 0.0 0.0 1.0 0.0 0.0 0.0 0.0 0.0 0.0
30.3369320116 35.5470389548 16.7598027706 0.966958172498 0.25493507534 0.0 0.0 0.0 1.0 0.0 0.0 0.0 0.0 0.0 0.0
30.5277525256 35.2434880512 17.1495656257 0.648923982497 0.760853247966 0.0 0.0 0.0 1.0 0.0 0.0 0.0 0.0 0.0 0.0
30.8576110807 35.1029570822 17.5393284809 0.0991597239974 0.995071529658 0.0 0.0 0.0 1.0 0.0 0.0 0.0 0.0 0.0 0.0
31.2087155354 35.1756295083 17.929091336 -0.48601436717 0.8739508195 0.0 0.0 0.0 1.0 0.0 0.0 0.0 0.0 0.0 0.0
31.4556868599 35.4355540829 18.3188541911 -0.897633241342 0.440743195112 0.0 0.0 0.0 1.0 0.0 0.0 0.0 0.0 0.0 0.0
31.5103318552 35.7899120151 18.7086170463 -0.988708233468 -0.149853358562 0.0 0.0 0.0 1.0 0.0 0.0 0.0 0.0 0.0 0.0
31.3950917892 36.0626712839 19.0983799014 -0.796641456772 -0.604452139836 0.0 0.0 0.0 1.0 0.0 0.0 0.0 0.0 0.0 0.0
31.0973035262 36.2723016524 19.4881427565 -0.30032768522 -0.953836087329 0.0 0.0 0.0 1.0 0.0 0.0 0.0 0.0 0.0 0.0
30.733131462 36.2710980937 19.8779056116 0.3066257552 -0.951830156198 0.0 0.0 0.0 1.0 0.0 0.0 0.0 0.0 0.0 0.0
30.4367353112 36.0595039947 20.2676684668 0.800619339798 -0.599173324457 0.0 0.0 0.0 1.0 0.0 0.0 0.0 0.0 0.0 0.0
30.3173063793 35.7154698813 20.6574313219 0.999667559703 -0.0257831355367 0.0 0.0 0.0 1.0 0.0 0.0 0.0 0.0 0.0 0.0
30.418841867 35.3657367178 21.047194177 0.830441746853 0.557105470342 0.0 0.0 0.0 1.0 0.0 0.0 0.0 0.0 0.0 0.0
30.7039364558 35.1391449784 21.4369570322 0.355284098851 0.934758369368 0.0 0.0 0.0 1.0 0.0 0.0 0.0 0.0 0.0 0.0
31.0040536957 35.1063332102 21.8267198873 -0.144911300926 0.989444649722 0.0 0.0 0.0 1.0 0.0 0.0 0.0 0.0 0.0 0.0
31.3363965653 35.2708191649 22.2164827424 -0.698816083699 0.715301391837 0.0 0.0 0.0 1.0 0.0 0.0 0.0 0.0 0.0 0.0
31.5085854494 35.599237192 22.6062455976 -0.985797557146 0.167938013339 0.0 0.0 0.0 1.0 0.0 0.0 0.0 0.0 0.0 0.0
31.4548502149 35.9661430885 22.9960084527 -0.896238832941 -0.443571814172 0.0 0.0 0.0 1.0 0.0 0.0 0.0 0.0 0.0 0.0
31.1957158424 36.2313916311 23.3857713078 -0.46434821224 -0.885652718502 0.0 0.0 0.0 1.0 0.0 0.0 0.0 0.0 0.0 0.0
30.8301626016 36.2936671511 23.7755341629 0.144907189242 -0.989445251899 0.0 0.0 0.0 1.0 0.0 0.0 0.0 0.0 0.0 0.0
30.4978190484 36.1291825775 24.1652970181 0.698813111225 -0.715304295793 0.0 0.0 0.0 1.0 0.0 0.0 0.0 0.0 0.0 0.0
30.3532913426 35.905212086 24.5550598732 0.939692620786 -0.342020143326 0.0 0.0 0.0 1.0 0.0 0.0 0.0 0.0 0.0 0.0
30.3359690372 35.5507392656 24.9448227283 0.968563129877 0.248767890698 0.0 0.0 0.0 1.0 0.0 0.0 0.0 0.0 0.0 0.0
30.5219659586 35.2484874039 25.3345855835 0.658568260891 0.752520993559 0.0 0.0 0.0 1.0 0.0 0.0 0.0 0.0 0.0 0.0
30.8462084785 35.1042035484 25.7243484386 0.118164060975 0.992994085931 0.0 0.0 0.0 1.0 0.0 0.0 0.0 0.0 0.0 0.0
31.1952558096 35.1683674272 26.1141112937 -0.463581490848 0.886054288034 0.0 0.0 0.0 1.0 0.0 0.0 0.0 0.0 0.0 0.0
31.4469888538 35.4185304083 26.5038741489 -0.883136564508 0.469115986115 0.0 0.0 0.0 1.0 0.0 0.0 0.0 0.0 0.0 0.0
31.5133352795 35.7671694688 26.893637004 -0.993713940592 -0.11194911466 0.0 0.0 0.0 1.0 0.0 0.0 0.0 0.0 0.0 0.0
31.3710828602 36.0923083497 27.2833998591 -0.756626575171 -0.653847249551 0.0 0.0 0.0 1.0 0.0 0.0 0.0 0.0 0.0 0.0
31.0700005975 36.2801926593 27.6731627143 -0.254822804024 -0.96698776546 0.0 0.0 0.0 1.0 0.0 0.0 0.0 0.0 0.0 0.0
30.7154263384 36.26508844 28.0629255694 0.336134294525 -0.941814066599 0.0 0.0 0.0 1.0 0.0 0.0 0.0 0.0 0.0 0.0
30.4314128541 36.0522801145 28.4526884245 0.809490101754 -0.587133524134 0.0 0.0 0.0 1.0 0.0 0.0 0.0 0.0 0.0 0.0
31.4028009762 35.3477198855 28.4526884245 -0.809490101754 0.587133524134 0.0 -0.0 -0.0 -1.0 0.0 0.0 0.0 0.0 0.0 0.0
31.1187874918 35.13491156 28.0629255694 -0.336134294525 0.941814066599 0.0 -0.0 -0.0 -1.0 0.0 0.0 0.0 0.0 0.0 0.0
30.7642132327 35.1198073407 27.6731627143 0.254822804024 0.96698776546 0.0 -0.0 -0.0 -1.0 0.0 0.0 0.0 0.0 0.0 0.0
30.46313097 35.3076916503 27.2833998591 0.756626575171 0.653847249551 0.0 -0.0 -0.0 -1.0 0.0 0.0 0.0 0.0 0.0 0.0
30.3208785507 35.6328305312 26.893637004 0.993713940592 0.11194911466 0.0 -0.0 -0.0 -1.0 0.0 0.0 0.0 0.0 0.0 0.0
30.3872249764 35.9814695917 26.5038741489 0.883136564508 -0.469115986115 0.0 -0.0 -0.0 -1.0 0.0 0.0 0.0 0.0 0.0 0.0
30.6389580206 36.2316325728 26.1141112937 0.463581490848 -0.886054288034 0.0 -0.0 -0.0 -1.0 0.0 0.0 0.0 0.0 0.0 0.0
30.9880053517 36.2957964516 25.7243484386 -0.118164060975 -0.992994085931 0.0 -0.0 -0.0 -1.0 0.0 0.0 0.0 0.0 0.0 0.0
31.3122478716 36.1515125961 25.3345855835 -0.658568260891 -0.752520993559 0.0 -0.0 -0.0 -1.0 0.0 0.0 0.0 0.0 0.0 0.0
31.498244793 35.8492607344 24.9448227283 -0.968563129877 -0.248767890698 0.0 -0.0 -0.0 -1.0 0.0 0.0 0.0 0.0 0.0 0.0
31.4809224876 35.494787914 24.5550598732 -0.939692620786 0.342020143326 0.0 -0.0 -0.0 -1.0 0.0 0.0 0.0 0.0 0.0 0.0
29.2298469075 34.1275948612 28.4526884245 -0.868507953367 0.495675231314 0.0 -0.0 -0.0 -1.0 0.0 0.0 0.0 0.0 0.0 0.0
28.9647510305 33.8823588242 28.0629255694 -0.426681491731 0.904401959648 0.0 -0.0 -0.0 -1.0 0.0 0.0 0.0 0.0 0.0 0.0
28.606911282 33.8337044079 27.6731627143 0.169718089101 0.985492653566 0.0 -0.0 -0.0 -1.0 0.0 0.0 0.0 0.0 0.0 0.0
28.2859616095 33.9992575581 27.2833998591 0.704634209964 0.709570736537 0.0 -0.0 -0.0 -1.0 0.0 0.0 0.0 0.0 0.0 0.0
28.1181718605 34.3190436396 26.893637004 0.984283791648 0.176593933927 0.0 -0.0 -0.0 -1.0 0.0 0.0 0.0 0.0 0.0 0.0
28.1643269187 34.677214337 26.5038741489 0.907358694568 -0.42035722831 0.0 -0.0 -0.0 -1.0 0.0 0.0 0.0 0.0 0.0 0.0
28.4077062762 34.9440158104 26.1141112937 0.501726432152 -0.865026350628 0.0 -0.0 -0.0 -1.0 0.0 0.0 0.0 0.0 0.0 0.0
28.7601413406 35.0227943808 25.7243484386 -0.0856653419927 -0.996323967985 0.0 -0.0 -0.0 -1.0 0.0 0.0 0.0 0.0 0.0 0.0
29.0939561096 34.8850110804 25.3345855835 -0.642023290261 -0.766685134043 0.0 -0.0 -0.0 -1.0 0.0 0.0 0.0 0.0 0.0 0.0
29.2882201207 34.5805804121 24.9448227283 -0.965796642069 -0.259300686788 0.0 -0.0 -0.0 -1.0 0.0 0.0 0.0 0.0 0.0 0.0
29.2725577079 34.219787914 24.5550598732 -0.939692620786 0.342020143326 0.0 -0.0 -0.0 -1.0 0.0 0.0 0.0 0.0 0.0 0.0
29.1280300022 33.9958174225 24.1652970181 -0.698813111225 0.715304295793 0.0 -0.0 -0.0 -1.0 0.0 0.0 0.0 0.0 0.0 0.0
28.8106495379 33.833717596 23.7755341629 -0.169845670775 0.985470673394 0.0 -0.0 -0.0 -1.0 0.0 0.0 0.0 0.0 0.0 0.0
28.4573165064 33.8802200875 23.3857713078 0.419042715066 0.907966520831 0.0 -0.0 -0.0 -1.0 0.0 0.0 0.0 0.0 0.0 0.0
28.1926855379 34.1189189844 22.9960084527 0.860094329259 0.510135026024 0.0 -0.0 -0.0 -1.0 0.0 0.0 0.0 0.0 0.0 0.0
28.1101174919 34.4656021692 22.6062455976 0.997707739234 -0.067670282049 0.0 -0.0 -0.0 -1.0 0.0 0.0 0.0 0.0 0.0 0.0
28.2387420799 34.7979610539 22.2164827424 0.783333425969 -0.621601756561 0.0 -0.0 -0.0 -1.0 0.0 0.0 0.0 0.0 0.0 0.0
28.533181007 34.9987406123 21.8267198873 0.292601880719 -0.956234353806 0.0 -0.0 -0.0 -1.0 0.0 0.0 0.0 0.0 0.0 0.0
28.8895572726 34.9971065339 21.4369570322 -0.301358561892 -0.953510889909 0.0 -0.0 -0.0 -1.0 0.0 0.0 0.0 0.0 0.0 0.0
29.1821426043 34.7936353159 21.047194177 -0.789000781332 -0.614392193194 0.0 -0.0 -0.0 -1.0 0.0 0.0 0.0 0.0 0.0 0.0
29.3077139431 34.4601108764 20.6574313219 -0.998286346078 -0.0585181273914 0.0 -0.0 -0.0 -1.0 0.0 0.0 0.0 0.0 0.0 0.0
29.2219701697 34.1141994453 20.2676684668 -0.855380057159 0.518000924531 0.0 -0.0 -0.0 -1.0 0.0 0.0 0.0 0.0 0.0 0.0
28.9551613809 33.8779373386 19.8779056116 -0.410698742363 0.911771102318 0.0 -0.0 -0.0 -1.0 0.0 0.0 0.0 0.0 0.0 0.0
28.6014167632 33.8346769829 19.4881427565 0.178875620344 0.983871695114 0.0 -0.0 -0.0 -1.0 0.0 0.0 0.0 0.0 0.0 0.0
28.2855361532 33.9996804771 19.0983799014 0.705343303737 0.708865871567 0.0 -0.0 -0.0 -1.0 0.0 0.0 0.0 0.0 0.0 0.0
28.1319842932 34.2596204626 18.7086170463 0.961263070435 0.275632562333 0.0 -0.0 -0.0 -1.0 0.0 0.0 0.0 0.0 0.0 0.0
28.1449274158 34.630214429 18.3188541911 0.939691199497 -0.342024048258 0.0 -0.0 -0.0 -1.0 0.0 0.0 0.0 0.0 0.0 0.0
28.373228047 34.9224236589 17.929091336 0.559190147385 -0.829039431552 0.0 -0.0 -0.0 -1.0 0.0 0.0 0.0 0.0 0.0 0.0
28.7296833286 35.024634444 17.5393284809 -0.034901988511 -0.99939074 0.0 -0.0 -0.0 -1.0 0.0 0.0 0.0 0.0 0.0 0.0
29.0781398066 34.8978058381 17.1495656257 -0.615662785171 -0.788009730242 0.0 -0.0 -0.0 -1.0 0.0 0.0 0.0 0.0 0.0 0.0
29.2854992905 34.5903819341 16.7598027706 -0.961261925023 -0.275636556903 0.0 -0.0 -0.0 -1.0 0.0 0.0 0.0 0.0 0.0 0.0
29.2725577079 34.219787914 16.3700399155 -0.939692620786 0.342020143326 0.0 -0.0 -0.0 -1.0 0.0 0.0 0.0 0.0 0.0 0.0
29.1280300022 33.9958174225 15.9802770603 -0.698813111225 0.715304295793 0.0 -0.0 -0.0 -1.0 0.0 0.0 0.0 0.0 0.0 0.0
28.8106495379 33.833717596 15.5905142052 -0.169845670775 0.985470673394 0.0 -0.0 -0.0 -1.0 0.0 0.0 0.0 0.0 0.0 0.0
28.4573165064 33.8802200875 15.2007513501 0.419042715066 0.907966520831 0.0 -0.0 -0.0 -1.0 0.0 0.0 0.0 0.0 0.0 0.0
28.1926855379 34.1189189844 14.810988495 0.860094329259 0.510135026024 0.0 -0.0 -0.0 -1.0 0.0 0.0 0.0 0.0 0.0 0.0
28.1101174919 34.4656021692 14.4212256398 0.997707739234 -0.067670282049 0.0 -0.0 -0.0 -1.0 0.0 0.0 0.0 0.0 0.0 0.0
28.2387420799 34.7979610539 14.0314627847 0.783333425969 -0.621601756561 0.0 -0.0 -0.0 -1.0 0.0 0.0 0.0 0.0 0.0 0.0
28.533181007 34.9987406123 13.6416999296 0.292601880719 -0.956234353806 0.0 -0.0 -0.0 -1.0 0.0 0.0 0.0 0.0 0.0 0.0
28.8895572726 34.9971065339 13.2519370744 -0.301358561892 -0.953510889909 0.0 -0.0 -0.0 -1.0 0.0 0.0 0.0 0.0 0.0 0.0
29.1821426043 34.7936353159 12.8621742193 -0.789000781332 -0.614392193194 0.0 -0.0 -0.0 -1.0 0.0 0.0 0.0 0.0 0.0 0.0
29.3077139431 34.4601108764 12.4724113642 -0.998286346078 -0.0585181273914 0.0 -0.0 -0.0 -1.0 0.0 0.0 0.0 0.0 0.0 0.0
29.2219701697 34.1141994453 12.082648509 -0.855380057159 0.518000924531 0.0 -0.0 -0.0 -1.0 0.0 0.0 0.0 0.0 0.0 0.0
28.9551613809 33.8779373386 11.6928856539 -0.410698742363 0.911771102318 0.0 -0.0 -0.0 -1.0 0.0 0.0 0.0 0.0 0.0 0.0
28.6014167632 33.8346769829 11.3031227988 0.178875620344 0.983871695114 0.0 -0.0 -0.0 -1.0 0.0 0.0 0.0 0.0 0.0 0.0
28.2855361532 33.9996804771 10.9133599436 0.705343303737 0.708865871567 0.0 -0.0 -0.0 -1.0 0.0 0.0 0.0 0.0 0.0 0.0
28.1319842932 34.2596204626 10.5235970885 0.961263070435 0.275632562333 0.0 -0.0 -0.0 -1.0 0.0 0.0 0.0 0.0 0.0 0.0
28.1400585236 34.6163085196 10.1338342334 0.94780601969 -0.31884753259 0.0 -0.0 -0.0 -1.0 0.0 0.0 0.0 0.0 0.0 0.0
28.3492122705 34.9053522418 9.74407137826 0.599216441643 -0.800587069634 0.0 -0.0 -0.0 -1.0 0.0 0.0 0.0 0.0 0.0 0.0
28.6854913465 35.0245493314 9.35430852313 0.0387513148885 -0.999248885711 0.0 -0.0 -0.0 -1.0 0.0 0.0 0.0 0.0 0.0 0.0
29.029991615 34.9317531666 8.964545668 -0.535415799219 -0.844588611069 0.0 -0.0 -0.0 -1.0 0.0 0.0 0.0 0.0 0.0 0.0
29.2609020267 34.6597753276 8.57478281287 -0.920266485468 -0.391292212706 0.0 -0.0 -0.0 -1.0 0.0 0.0 0.0 0.0 0.0 0.0
29.296575506 34.3047838263 8.18501995774 -0.979722284303 0.200360289578 0.0 -0.0 -0.0 -1.0 0.0 0.0 0.0 0.0 0.0 0.0
29.1243983503 33.9922992823 7.79525710261 -0.692760358021 0.721167862813 0.0 -0.0 -0.0 -1.0 0.0 0.0 0.0 0.0 0.0 0.0
28.8052502797 33.8328123793 7.40549424748 -0.160846907085 0.986979367809 0.0 -0.0 -0.0 -1.0 0.0 0.0 0.0 0.0 0.0 0.0
28.4519781188 33.8827157206 7.01573139235 0.427940027834 0.9038071324 0.0 -0.0 -0.0 -1.0 0.0 0.0 0.0 0.0 0.0 0.0
28.1894945496 34.1243640996 6.62596853722 0.865412643069 0.501059833968 0.0 -0.0 -0.0 -1.0 0.0 0.0 0.0 0.0 0.0 0.0
28.1206413107 34.5439008829 6.23620568208 0.980168041213 -0.198168138169 0.0 -0.0 -0.0 -1.0 0.0 0.0 0.0 0.0 0.0 0.0
28.264870057 34.8287048154 5.84644282695 0.739786797347 -0.672841359067 0.0 -0.0 -0.0 -1.0 0.0 0.0 0.0 0.0 0.0 0.0
28.5347580163 34.9992207992 5.45667997182 0.289973531995 -0.957034665382 0.0 -0.0 -0.0 -1.0 0.0 0.0 0.0 0.0 0.0 0.0
28.8539004984 35.0071761329 5.06691711669 -0.241930604944 -0.970293554751 0.0 -0.0 -0.0 -1.0 0.0 0.0 0.0 0.0 0.0 0.0
29.1319489661 34.8503186788 4.67715426156 -0.705344717684 -0.708864464644 0.0 -0.0 -0.0 -1.0 0.0 0.0 0.0 0.0 0.0 0.0
29.2901885072 34.5730544386 4.28739140643 -0.969077286229 -0.24675739769 0.0 -0.0 -0.0 -1.0 0.0 0.0 0.0 0.0 0.0 0.0
27.0495184428 35.9417520766 6.62596853722 -0.915235145052 -0.402920127644 0.0 0.0 0.0 1.0 0.0 0.0 0.0 0.0 0.0 0.0
26.8161358588 36.2101926771 7.01573139235 -0.526264171629 -0.85032112855 0.0 0.0 0.0 1.0 0.0 0.0 0.0 0.0 0.0 0.0
26.4717748734 36.2993178606 7.40549424748 0.047670803966 -0.998863100955 0.0 0.0 0.0 1.0 0.0 0.0 0.0 0.0 0.0 0.0
26.1374666902 36.1778031486 7.79525710261 0.604851109257 -0.796338581026 0.0 0.0 0.0 1.0 0.0 0.0 0.0 0.0 0.0 0.0
25.9307092938 35.88835684 8.18501995774 0.949446769958 -0.313928066626 0.0 0.0 0.0 1.0 0.0 0.0 0.0 0.0 0.0 0.0
25.9241708945 35.5327094923 8.57478281287 0.960344102162 0.278817512799 0.0 0.0 0.0 1.0 0.0 0.0 0.0 0.0 0.0 0.0
26.1201495178 35.2358590826 8.964545668 0.633713063303 0.773568195701 0.0 0.0 0.0 1.0 0.0 0.0 0.0 0.0 0.0 0.0
26.4497653265 35.1021384588 9.35430852313 0.0843533821835 0.99643590206 0.0 0.0 0.0 1.0 0.0 0.0 0.0 0.0 0.0 0.0
26.7971695464 35.1785458835 9.74407137826 -0.494653650982 0.869090194152 0.0 0.0 0.0 1.0 0.0 0.0 0.0 0.0 0.0 0.0
27.0402613803 35.4382267392 10.1338342334 -0.899806707557 0.436288767946 0.0 0.0 0.0 1.0 0.0 0.0 0.0 0.0 0.0 0.0
27.0936022959 35.7899120151 10.5235970885 -0.988708233468 -0.149853358562 0.0 0.0 0.0 1.0 0.0 0.0 0.0 0.0 0.0 0.0
26.9783622299 36.0626712839 10.9133599436 -0.796641456772 -0.604452139836 0.0 0.0 0.0 1.0 0.0 0.0 0.0 0.0 0.0 0.0
26.6805739669 36.2723016524 11.3031227988 -0.30032768522 -0.953836087329 0.0 0.0 0.0 1.0 0.0 0.0 0.0 0.0 0.0 0.0
26.3164019027 36.2710980937 11.6928856539 0.3066257552 -0.951830156198 0.0 0.0 0.0 1.0 0.0 0.0 0.0 0.0 0.0 0.0
26.0200057519 36.0595039947 12.082648509 0.800619339798 -0.599173324457 0.0 0.0 0.0 1.0 0.0 0.0 0.0 0.0 0.0 0.0
25.90057682 35.7154698813 12.4724113642 0.999667559703 -0.0257831355367 0.0 0.0 0.0 1.0 0.0 0.0 0.0 0.0 0.0 0.0
26.0021123077 35.3657367178 12.8621742193 0.830441746853 0.557105470342 0.0 0.0 0.0 1.0 0.0 0.0 0.0 0.0 0.0 0.0
26.2872068965 35.1391449784 13.2519370744 0.355284098851 0.934758369368 0.0 0.0 0.0 1.0 0.0 0.0 0.0 0.0 0.0 0.0
26.5873241364 35.1063332102 13.6416999296 -0.144911300926 0.989444649722 0.0 0.0 0.0 1.0 0.0 0.0 0.0 0.0 0.0 0.0
26.919667006 35.2708191649 14.0314627847 -0.698816083699 0.715301391837 0.0 0.0 0.0 1.0 0.0 0.0 0.0 0.0 0.0 0.0
27.0918558901 35.599237192 14.4212256398 -0.985797557146 0.167938013339 0.0 0.0 0.0 1.0 0.0 0.0 0.0 0.0 0.0 0.0
27.0381206556 35.9661430885 14.810988495 -0.896238832941 -0.443571814172 0.0 0.0 0.0 1.0 0.0 0.0 0.0 0.0 0.0 0.0
26.7789862831 36.2313916311 15.2007513501 -0.46434821224 -0.885652718502 0.0 0.0 0.0 1.0 0.0 0.0 0.0 0.0 0.0 0.0
26.4134330423 36.2936671511 15.5905142052 0.144907189242 -0.989445251899 0.0 0.0 0.0 1.0 0.0 0.0 0.0 0.0 0.0 0.0
26.0810894891 36.1291825775 15.9802770603 0.698813111225 -0.715304295793 0.0 0.0 0.0 1.0 0.0 0.0 0.0 0.0 0.0 0.0
25.9365617833 35.905212086 16.3700399155 0.939692620786 -0.342020143326 0.0 0.0 0.0 1.0 0.0 0.0 0.0 0.0 0.0 0.0
25.9202024523 35.5470389548 16.7598027706 0.966958172498 0.25493507534 0.0 0.0 0.0 1.0 0.0 0.0 0.0 0.0 0.0 0.0
26.1110229663 35.2434880512 17.1495656257 0.648923982497 0.760853247966 0.0 0.0 0.0 1.0 0.0 0.0 0.0 0.0 0.0 0.0
26.4408815214 35.1029570822 17.5393284809 0.0991597239974 0.995071529658 0.0 0.0 0.0 1.0 0.0 0.0 0.0 0.0 0.0 0.0
26.7919859761 35.1756295083 17.929091336 -0.48601436717 0.8739508195 0.0 0.0 0.0 1.0 0.0 0.0 0.0 0.0 0.0 0.0
27.0389573006 35.4355540829 18.3188541911 -0.897633241342 0.440743195112 0.0 0.0 0.0 1.0 0.0 0.0 0.0 0.0 0.0 0.0
27.0936022959 35.7899120151 18.7086170463 -0.988708233468 -0.149853358562 0.0 0.0 0.0 1.0 0.0 0.0 0.0 0.0 0.0 0.0
26.9783622299 36.0626712839 19.0983799014 -0.796641456772 -0.604452139836 0.0 0.0 0.0 1.0 0.0 0.0 0.0 0.0 0.0 0.0
26.6805739669 36.2723016524 19.4881427565 -0.30032768522 -0.953836087329 0.0 0.0 0.0 1.0 0.0 0.0 0.0 0.0 0.0 0.0
26.3164019027 36.2710980937 19.8779056116 0.3066257552 -0.951830156198 0.0 0.0 0.0 1.0 0.0 0.0 0.0 0.0 0.0 0.0
26.0200057519 36.0595039947 20.2676684668 0.800619339798 -0.599173324457 0.0 0.0 0.0 1.0 0.0 0.0 0.0 0.0 0.0 0.0
25.90057682 35.7154698813 20.6574313219 0.999667559703 -0.0257831355367 0.0 0.0 0.0 1.0 0.0 0.0 0.0 0.0 0.0 0.0
26.0021123077 35.3657367178 21.047194177 0.830441746853 0.557105470342 0.0 0.0 0.0 1.0 0.0 0.0 0.0 0.0 0.0 0.0
26.2872068965 35.1391449784 21.4369570322 0.355284098851 0.934758369368 0.0 0.0 0.0 1.0 0.0 0.0 0.0 0.0 0.0 0.0
26.5873241364 35.1063332102 21.8267198873 -0.144911300926 0.989444649722 0.0 0.0 0.0 1.0 0.0 0.0 0.0 0.0 0.0 0.0
26.919667006 35.2708191649 22.2164827424 -0.698816083699 0.715301391837 0.0 0.0 0.0 1.0 0.0 0.0 0.0 0.0 0.0 0.0
27.0918558901 35.599237192 22.6062455976 -0.985797557146 0.167938013339 0.0 0.0 0.0 1.0 0.0 0.0 0.0 0.0 0.0 0.0
27.0381206556 35.9661430885 22.9960084527 -0.896238832941 -0.443571814172 0.0 0.0 0.0 1.0 0.0 0.0 0.0 0.0 0.0 0.0
26.7789862831 36.2313916311 23.3857713078 -0.46434821224 -0.885652718502 0.0 0.0 0.0 1.0 0.0 0.0 0.0 0.0 0.0 0.0
26.4134330423 36.2936671511 23.7755341629 0.144907189242 -0.989445251899 0.0 0.0 0.0 1.0 0.0 0.0 0.0 0.0 0.0 0.0
26.0810894891 36.1291825775 24.1652970181 0.698813111225 -0.715304295793 0.0 0.0 0.0 1.0 0.0 0.0 0.0 0.0 0.0 0.0
25.9365617833 35.905212086 24.5550598732 0.939692620786 -0.342020143326 0.0 0.0 0.0 1.0 0.0 0.0 0.0 0.0 0.0 0.0
25.9192394779 35.5507392656 24.9448227283 0.968563129877 0.248767890698 0.0 0.0 0.0 1.0 0.0 0.0 0.0 0.0 0.0 0.0
26.1052363993 35.2484874039 25.3345855835 0.658568260891 0.752520993559 0.0 0.0 0.0 1.0 0.0 0.0 0.0 0.0 0.0 0.0
26.4294789192 35.1042035484 25.7243484386 0.118164060975 0.992994085931 0.0 0.0 0.0 1.0 0.0 0.0 0.0 0.0 0.0 0.0
26.7785262503 35.1683674272 26.1141112937 -0.463581490848 0.886054288034 0.0 0.0 0.0 1.0 0.0 0.0 0.0 0.0 0.0 0.0
27.0302592945 35.4185304083 26.5038741489 -0.883136564508 0.469115986115 0.0 0.0 0.0 1.0 0.0 0.0 0.0 0.0 0.0 0.0
27.0966057202 35.7671694688 26.893637004 -0.993713940592 -0.11194911466 0.0 0.0 0.0 1.0 0.0 0.0 0.0 0.0 0.0 0.0
26.9543533009 36.0923083497 27.2833998591 -0.756626575171 -0.653847249551 0.0 0.0 0.0 1.0 0.0 0.0 0.0 0.0 0.0 0.0
26.6532710382 36.2801926593 27.6731627143 -0.254822804024 -0.96698776546 0.0 0.0 0.0 1.0 0.0 0.0 0.0 0.0 0.0 0.0
26.2986967791 36.26508844 28.0629255694 0.336134294525 -0.941814066599 0.0 0.0 0.0 1.0 0.0 0.0 0.0 0.0 0.0 0.0
26.0146832948 36.0522801145 28.4526884245 0.809490101754 -0.587133524134 0.0 0.0 0.0 1.0 0.0 0.0 0.0 0.0 0.0 0.0
25.9071524157 35.6100879849 10.5235970885 0.988708233468 0.149853358562 0.0 -0.0 -0.0 -1.0 0.0 0.0 0.0 0.0 0.0 0.0
25.9604933313 35.9617732608 10.1338342334 0.899806707557 -0.436288767946 0.0 -0.0 -0.0 -1.0 0.0 0.0 0.0 0.0 0.0 0.0
26.2035851652 36.2214541165 9.74407137826 0.494653650982 -0.869090194152 0.0 -0.0 -0.0 -1.0 0.0 0.0 0.0 0.0 0.0 0.0
26.5509893851 36.2978615412 9.35430852313 -0.0843533821835 -0.99643590206 0.0 -0.0 -0.0 -1.0 0.0 0.0 0.0 0.0 0.0 0.0
26.8806051938 36.1641409174 8.964545668 -0.633713063303 -0.773568195701 0.0 -0.0 -0.0 -1.0 0.0 0.0 0.0 0.0 0.0 0.0
27.0765838171 35.8672905077 8.57478281287 -0.960344102162 -0.278817512799 0.0 -0.0 -0.0 -1.0 0.0 0.0 0.0 0.0 0.0 0.0
27.0700454178 35.51164316 8.18501995774 -0.949446769958 0.313928066626 0.0 -0.0 -0.0 -1.0 0.0 0.0 0.0 0.0 0.0 0.0
26.8632880214 35.2221968514 7.79525710261 -0.604851109257 0.796338581026 0.0 -0.0 -0.0 -1.0 0.0 0.0 0.0 0.0 0.0 0.0
26.5289798382 35.1006821394 7.40549424748 -0.047670803966 0.998863100955 0.0 -0.0 -0.0 -1.0 0.0 0.0 0.0 0.0 0.0 0.0
26.1846188528 35.1898073229 7.01573139235 0.526264171629 0.85032112855 0.0 -0.0 -0.0 -1.0 0.0 0.0 0.0 0.0 0.0 0.0
25.9512362688 35.4582479234 6.62596853722 0.915235145052 0.402920127644 0.0 -0.0 -0.0 -1.0 0.0 0.0 0.0 0.0 0.0 0.0
25.9305222849 35.8877903038 6.23620568209 0.949758451466 -0.31298383963 0.0 -0.0 -0.0 -1.0 0.0 0.0 0.0 0.0 0.0 0.0
26.1066003757 36.1527026507 5.84644282695 0.656294966883 -0.754504417776 0.0 -0.0 -0.0 -1.0 0.0 0.0 0.0 0.0 0.0 0.0
26.3933539118 36.2903778302 5.45667997182 0.178372406607 -0.983963050405 0.0 -0.0 -0.0 -1.0 0.0 0.0 0.0 0.0 0.0 0.0
26.7101875896 36.2621206861 5.06691711669 -0.349683723044 -0.936867810226 0.0 -0.0 -0.0 -1.0 0.0 0.0 0.0 0.0 0.0 0.0
26.9680517434 36.0758732062 4.67715426156 -0.77945731269 -0.626455343735 0.0 -0.0 -0.0 -1.0 0.0 0.0 0.0 0.0 0.0 0.0
27.094470755 35.7839823378 4.28739140643 -0.990155665289 -0.139970562965 0.0 -0.0 -0.0 -1.0 0.0 0.0 0.0 0.0 0.0 0.0
27.0818237275 38.3980544386 28.8424512796 -0.969077286229 -0.24675739769 0.0 -0.0 -0.0 -1.0 0.0 0.0 0.0 0.0 0.0 0.0
27.058403308 38.0295299642 28.4526884245 -0.930043253669 0.367450059607 0.0 -0.0 -0.0 -1.0 0.0 0.0 0.0 0.0 0.0 0.0
26.8236169118 37.7445139078 28.0629255694 -0.538732593367 0.84247682036 0.0 -0.0 -0.0 -1.0 0.0 0.0 0.0 0.0 0.0 0.0
26.4663956286 37.6509630711 27.6731627143 0.0566362120767 0.998394881538 0.0 -0.0 -0.0 -1.0 0.0 0.0 0.0 0.0 0.0 0.0
26.1220457556 37.7843121214 27.2833998591 0.630552667085 0.776146464292 0.0 -0.0 -0.0 -1.0 0.0 0.0 0.0 0.0 0.0 0.0
25.9209982287 38.0940518448 26.893637004 0.965631878451 0.259913592026 0.0 -0.0 -0.0 -1.0 0.0 0.0 0.0 0.0 0.0 0.0
25.9394047158 38.4628607458 26.5038741489 0.934954400073 -0.354767909743 0.0 -0.0 -0.0 -1.0 0.0 0.0 0.0 0.0 0.0 0.0
26.1702933095 38.7510434336 26.1141112937 0.550140077145 -0.835072389388 0.0 -0.0 -0.0 -1.0 0.0 0.0 0.0 0.0 0.0 0.0
26.5262093084 38.8494436673 25.7243484386 -0.0430532543906 -0.999072778774 0.0 -0.0 -0.0 -1.0 0.0 0.0 0.0 0.0 0.0 0.0
26.8723408235 38.7207899517 25.3345855835 -0.619939112903 -0.784649919578 0.0 -0.0 -0.0 -1.0 0.0 0.0 0.0 0.0 0.0 0.0
27.0775820784 38.4138130282 24.9448227283 -0.962007870988 -0.27302171371 0.0 -0.0 -0.0 -1.0 0.0 0.0 0.0 0.0 0.0 0.0
27.0641929283 38.044787914 24.5550598732 -0.939692620786 0.342020143326 0.0 -0.0 -0.0 -1.0 0.0 0.0 0.0 0.0 0.0 0.0
26.9196652225 37.8208174225 24.1652970181 -0.698813111225 0.715304295793 0.0 -0.0 -0.0 -1.0 0.0 0.0 0.0 0.0 0.0 0.0
26.6000474488 37.6583363518 23.7755341629 -0.166116821655 0.986106080279 0.0 -0.0 -0.0 -1.0 0.0 0.0 0.0 0.0 0.0 0.0
26.2448375902 37.7071377448 23.3857713078 0.42589960941 0.904770425415 0.0 -0.0 -0.0 -1.0 0.0 0.0 0.0 0.0 0.0 0.0
25.9808807118 37.9497946754 22.9960084527 0.865827739958 0.500342207613 0.0 -0.0 -0.0 -1.0 0.0 0.0 0.0 0.0 0.0 0.0
25.9024355362 38.2996546103 22.6062455976 0.996569699399 -0.0827576838676 0.0 -0.0 -0.0 -1.0 0.0 0.0 0.0 0.0 0.0 0.0
26.0375147525 38.6317829363 22.2164827424 0.771437672158 -0.63630489388 0.0 -0.0 -0.0 -1.0 0.0 0.0 0.0 0.0 0.0 0.0
26.3378817154 38.8275769792 21.8267198873 0.270826067288 -0.962628298606 0.0 -0.0 -0.0 -1.0 0.0 0.0 0.0 0.0 0.0 0.0
26.6338942916 38.8349557486 21.4369570322 -0.222528226394 -0.974926247702 0.0 -0.0 -0.0 -1.0 0.0 0.0 0.0 0.0 0.0 0.0
26.9475991336 38.6499908517 21.047194177 -0.745369629633 -0.666651419575 0.0 -0.0 -0.0 -1.0 0.0 0.0 0.0 0.0 0.0 0.0
27.0965490367 38.317670724 20.6574313219 -0.993619468173 -0.112784540025 0.0 -0.0 -0.0 -1.0 0.0 0.0 0.0 0.0 0.0 0.0
27.0258713776 37.9604209382 20.2676684668 -0.875823369725 0.482631769618 0.0 -0.0 -0.0 -1.0 0.0 0.0 0.0 0.0 0.0 0.0
26.7616035588 37.709851066 19.8779056116 -0.435377004977 0.90024822329 0.0 -0.0 -0.0 -1.0 0.0 0.0 0.0 0.0 0.0 0.0
26.4011009204 37.658270172 19.4881427565 0.165460725716 0.986216380033 0.0 -0.0 -0.0 -1.0 0.0 0.0 0.0 0.0 0.0 0.0
26.0771713736 37.8246804771 19.0983799014 0.705343303737 0.708865871567 0.0 -0.0 -0.0 -1.0 0.0 0.0 0.0 0.0 0.0 0.0
25.9236195135 38.0846204626 18.7086170463 0.961263070435 0.275632562333 0.0 -0.0 -0.0 -1.0 0.0 0.0 0.0 0.0 0.0 0.0
25.9365626361 38.455214429 18.3188541911 0.939691199497 -0.342024048258 0.0 -0.0 -0.0 -1.0 0.0 0.0 0.0 0.0 0.0 0.0
26.1648632674 38.7474236589 17.929091336 0.559190147385 -0.829039431552 0.0 -0.0 -0.0 -1.0 0.0 0.0 0.0 0.0 0.0 0.0
26.5213185489 38.849634444 17.5393284809 -0.034901988511 -0.99939074 0.0 -0.0 -0.0 -1.0 0.0 0.0 0.0 0.0 0.0 0.0
26.8697750269 38.7228058381 17.1495656257 -0.615662785171 -0.788009730242 0.0 -0.0 -0.0 -1.0 0.0 0.0 0.0 0.0 0.0 0.0
27.0771345108 38.4153819341 16.7598027706 -0.961261925023 -0.275636556903 0.0 -0.0 -0.0 -1.0 0.0 0.0 0.0 0.0 0.0 0.0
27.0641929283 38.044787914 16.3700399155 -0.939692620786 0.342020143326 0.0 -0.0 -0.0 -1.0 0.0 0.0 0.0 0.0 0.0 0.0
26.9196652225 37.8208174225 15.9802770603 -0.698813111225 0.715304295793 0.0 -0.0 -0.0 -1.0 0.0 0.0 0.0 0.0 0.0 0.0
26.6000474488 37.6583363518 15.5905142052 -0.166116821655 0.986106080279 0.0 -0.0 -0.0 -1.0 0.0 0.0 0.0 0.0 0.0 0.0
26.2448375902 37.7071377448 15.2007513501 0.42589960941 0.904770425415 0.0 -0.0 -0.0 -1.0 0.0 0.0 0.0 0.0 0.0 0.0
25.9808807118 37.9497946754 14.810988495 0.865827739958 0.500342207613 0.0 -0.0 -0.0 -1.0 0.0 0.0 0.0 0.0 0.0 0.0
25.9024355362 38.2996546103 14.4212256398 0.996569699399 -0.0827576838676 0.0 -0.0 -0.0 -1.0 0.0 0.0 0.0 0.0 0.0 0.0
26.0375147525 38.6317829363 14.0314627847 0.771437672158 -0.63630489388 0.0 -0.0 -0.0 -1.0 0.0 0.0 0.0 0.0 0.0 0.0
26.3378817154 38.8275769792 13.6416999296 0.270826067288 -0.962628298606 0.0 -0.0 -0.0 -1.0 0.0 0.0 0.0 0.0 0.0 0.0
26.6338942916 38.8349557486 13.2519370744 -0.222528226394 -0.974926247702 0.0 -0.0 -0.0 -1.0 0.0 0.0 0.0 0.0 0.0 0.0
26.9475991336 38.6499908517 12.8621742193 -0.745369629633 -0.666651419575 0.0 -0.0 -0.0 -1.0 0.0 0.0 0.0 0.0 0.0 0.0
27.0965490367 38.317670724 12.4724113642 -0.993619468173 -0.112784540025 0.0 -0.0 -0.0 -1.0 0.0 0.0 0.0 0.0 0.0 0.0
27.0258713776 37.9604209382 12.082648509 -0.875823369725 0.482631769618 0.0 -0.0 -0.0 -1.0 0.0 0.0 0.0 0.0 0.0 0.0
26.7616035588 37.709851066 11.6928856539 -0.435377004977 0.90024822329 0.0 -0.0 -0.0 -1.0 0.0 0.0 0.0 0.0 0.0 0.0
26.4011009204 37.658270172 11.3031227988 0.165460725716 0.986216380033 0.0 -0.0 -0.0 -1.0 0.0 0.0 0.0 0.0 0.0 0.0
26.0771713736 37.8246804771 10.9133599436 0.705343303737 0.708865871567 0.0 -0.0 -0.0 -1.0 0.0 0.0 0.0 0.0 0.0 0.0
25.9236195135 38.0846204626 10.5235970885 0.961263070435 0.275632562333 0.0 -0.0 -0.0 -1.0 0.0 0.0 0.0 0.0 0.0 0.0
25.931693744 38.4413085196 10.1338342334 0.94780601969 -0.31884753259 0.0 -0.0 -0.0 -1.0 0.0 0.0 0.0 0.0 0.0 0.0
26.1408474908 38.7303522418 9.74407137826 0.599216441643 -0.800587069634 0.0 -0.0 -0.0 -1.0 0.0 0.0 0.0 0.0 0.0 0.0
26.4771265669 38.8495493314 9.35430852313 0.0387513148885 -0.999248885711 0.0 -0.0 -0.0 -1.0 0.0 0.0 0.0 0.0 0.0 0.0
26.8216268353 38.7567531666 8.964545668 -0.535415799219 -0.844588611069 0.0 -0.0 -0.0 -1.0 0.0 0.0 0.0 0.0 0.0 0.0
27.0525372471 38.4847753276 8.57478281287 -0.920266485468 -0.391292212706 0.0 -0.0 -0.0 -1.0 0.0 0.0 0.0 0.0 0.0 0.0
27.0882107264 38.1297838263 8.18501995774 -0.979722284303 0.200360289578 0.0 -0.0 -0.0 -1.0 0.0 0.0 0.0 0.0 0.0 0.0
26.9160335706 37.8172992823 7.79525710261 -0.692760358021 0.721167862813 0.0 -0.0 -0.0 -1.0 0.0 0.0 0.0 0.0 0.0 0.0
26.5968855001 37.6578123793 7.40549424748 -0.160846907085 0.986979367809 0.0 -0.0 -0.0 -1.0 0.0 0.0 0.0 0.0 0.0 0.0
26.2436133391 37.7077157206 7.01573139235 0.427940027834 0.9038071324 0.0 -0.0 -0.0 -1.0 0.0 0.0 0.0 0.0 0.0 0.0
25.98112977 37.9493640996 6.62596853722 0.865412643069 0.501059833968 0.0 -0.0 -0.0 -1.0 0.0 0.0 0.0 0.0 0.0 0.0
25.9365617833 38.455212086 24.5550598732 0.939692620786 -0.342020143326 0.0 0.0 0.0 1.0 0.0 0.0 0.0 0.0 0.0 0.0
25.9231726332 38.0861869718 24.9448227283 0.962007870988 0.27302171371 0.0 0.0 0.0 1.0 0.0 0.0 0.0 0.0 0.0 0.0
26.1284138881 37.7792100483 25.3345855835 0.619939112903 0.784649919578 0.0 0.0 0.0 1.0 0.0 0.0 0.0 0.0 0.0 0.0
26.4745454032 37.6505563327 25.7243484386 0.0430532543906 0.999072778774 0.0 0.0 0.0 1.0 0.0 0.0 0.0 0.0 0.0 0.0
26.8304614021 37.7489565664 26.1141112937 -0.550140077145 0.835072389388 0.0 0.0 0.0 1.0 0.0 0.0 0.0 0.0 0.0 0.0
27.0613499958 38.0371392542 26.5038741489 -0.934954400073 0.354767909743 0.0 0.0 0.0 1.0 0.0 0.0 0.0 0.0 0.0 0.0
27.0797564829 38.4059481552 26.893637004 -0.965631878451 -0.259913592026 0.0 0.0 0.0 1.0 0.0 0.0 0.0 0.0 0.0 0.0
26.8787089561 38.7156878786 27.2833998591 -0.630552667085 -0.776146464292 0.0 0.0 0.0 1.0 0.0 0.0 0.0 0.0 0.0 0.0
26.534359083 38.8490369289 27.6731627143 -0.0566362120767 -0.998394881538 0.0 0.0 0.0 1.0 0.0 0.0 0.0 0.0 0.0 0.0
26.1771377998 38.7554860922 28.0629255694 0.538732593367 -0.84247682036 0.0 0.0 0.0 1.0 0.0 0.0 0.0 0.0 0.0 0.0
25.9423514036 38.4704700358 28.4526884245 0.930043253669 -0.367450059607 0.0 0.0 0.0 1.0 0.0 0.0 0.0 0.0 0.0 0.0
25.9189309841 38.1019455614 28.8424512796 0.969077286229 0.24675739769 0.0 0.0 0.0 1.0 0.0 0.0 0.0 0.0 0.0 0.0
26.1033658532 37.8001312782 29.2322141348 0.661685837597 0.749781202968 0.0 0.0 0.0 1.0 0.0 0.0 0.0 0.0 0.0 0.0
26.4051844351 37.6575995376 29.6219769899 0.158654867917 0.987334103982 0.0 0.0 0.0 1.0 0.0 0.0 0.0 0.0 0.0 0.0
26.7364625164 37.6983988788 30.011739845 -0.393475267628 0.91933520207 0.0 0.0 0.0 1.0 0.0 0.0 0.0 0.0 0.0 0.0
26.9946789601 37.9099030668 30.4015027002 -0.823836007235 0.566828221936 0.0 0.0 0.0 1.0 0.0 0.0 0.0 0.0 0.0 0.0
27.0999231266 38.2266575756 30.7912655553 -0.999242951251 0.0389040406102 0.0 0.0 0.0 1.0 0.0 0.0 0.0 0.0 0.0 0.0
27.0196249416 38.5506359004 31.1810284104 -0.865412643069 -0.501059833968 0.0 0.0 0.0 1.0 0.0 0.0 0.0 0.0 0.0 0.0
29.2578832225 39.7667520766 6.62596853722 -0.915235145052 -0.402920127644 0.0 0.0 0.0 1.0 0.0 0.0 0.0 0.0 0.0 0.0
29.0245006384 40.0351926771 7.01573139235 -0.526264171629 -0.85032112855 0.0 0.0 0.0 1.0 0.0 0.0 0.0 0.0 0.0 0.0
28.6801396531 40.1243178606 7.40549424748 0.047670803966 -0.998863100955 0.0 0.0 0.0 1.0 0.0 0.0 0.0 0.0 0.0 0.0
28.3458314699 40.0028031486 7.79525710261 0.604851109257 -0.796338581026 0.0 0.0 0.0 1.0 0.0 0.0 0.0 0.0 0.0 0.0
28.1390740735 39.71335684 8.18501995774 0.949446769958 -0.313928066626 0.0 0.0 0.0 1.0 0.0 0.0 0.0 0.0 0.0 0.0
28.1325356742 39.3577094923 8.57478281287 0.960344102162 0.278817512799 0.0 0.0 0.0 1.0 0.0 0.0 0.0 0.0 0.0 0.0
28.3285142975 39.0608590826 8.964545668 0.633713063303 0.773568195701 0.0 0.0 0.0 1.0 0.0 0.0 0.0 0.0 0.0 0.0
28.6581301061 38.9271384588 9.35430852313 0.0843533821835 0.99643590206 0.0 0.0 0.0 1.0 0.0 0.0 0.0 0.0 0.0 0.0
29.005534326 39.0035458835 9.74407137826 -0.494653650982 0.869090194152 0.0 0.0 0.0 1.0 0.0 0.0 0.0 0.0 0.0 0.0
29.24862616 39.2632267392 10.1338342334 -0.899806707557 0.436288767946 0.0 0.0 0.0 1.0 0.0 0.0 0.0 0.0 0.0 0.0
29.3019670755 39.6149120151 10.5235970885 -0.988708233468 -0.149853358562 0.0 0.0 0.0 1.0 0.0 0.0 0.0 0.0 0.0 0.0
29.1867270095 39.8876712839 10.9133599436 -0.796641456772 -0.604452139836 0.0 0.0 0.0 1.0 0.0 0.0 0.0 0.0 0.0 0.0
28.8906208708 40.0967692941 11.3031227988 -0.303131225561 -0.952948823437 0.0 0.0 0.0 1.0 0.0 0.0 0.0 0.0 0.0 0.0
28.5281285777 40.0971702044 11.6928856539 0.301022596177 -0.953617007289 0.0 0.0 0.0 1.0 0.0 0.0 0.0 0.0 0.0 0.0
28.2315606463 39.8887276817 12.082648509 0.795302481936 -0.606212802758 0.0 0.0 0.0 1.0 0.0 0.0 0.0 0.0 0.0 0.0
28.1091650496 39.5475237234 12.4724113642 0.999295143097 -0.0375395389378 0.0 0.0 0.0 1.0 0.0 0.0 0.0 0.0 0.0 0.0
28.2056164603 39.1980985545 12.8621742193 0.838542791848 0.544835742439 0.0 0.0 0.0 1.0 0.0 0.0 0.0 0.0 0.0 0.0
28.4857098931 38.9679931609 13.2519370744 0.371720404003 0.928344731901 0.0 0.0 0.0 1.0 0.0 0.0 0.0 0.0 0.0 0.0
28.8472106043 38.9411965372 13.6416999296 -0.23078078135 0.973005771288 0.0 0.0 0.0 1.0 0.0 0.0 0.0 0.0 0.0 0.0
29.1581700077 39.1274895125 14.0314627847 -0.749046453763 0.662517479094 0.0 0.0 0.0 1.0 0.0 0.0 0.0 0.0 0.0 0.0
29.30508721 39.4588747248 14.4212256398 -0.99390845764 0.110208791992 0.0 0.0 0.0 1.0 0.0 0.0 0.0 0.0 0.0 0.0
29.2343370964 39.8143958137 14.810988495 -0.875991601617 -0.482326356211 0.0 0.0 0.0 1.0 0.0 0.0 0.0 0.0 0.0 0.0
28.9717436201 40.0642867689 15.2007513501 -0.438335807795 -0.898811281418 0.0 0.0 0.0 1.0 0.0 0.0 0.0 0.0 0.0 0.0
28.6131540005 40.1173368201 15.5905142052 0.159313558255 -0.987228033514 0.0 0.0 0.0 1.0 0.0 0.0 0.0 0.0 0.0 0.0
28.2894542687 39.9541825775 15.9802770603 0.698813111225 -0.715304295793 0.0 0.0 0.0 1.0 0.0 0.0 0.0 0.0 0.0 0.0
28.144926563 39.730212086 16.3700399155 0.939692620786 -0.342020143326 0.0 0.0 0.0 1.0 0.0 0.0 0.0 0.0 0.0 0.0
28.128567232 39.3720389548 16.7598027706 0.966958172498 0.25493507534 0.0 0.0 0.0 1.0 0.0 0.0 0.0 0.0 0.0 0.0
28.319387746 39.0684880512 17.1495656257 0.648923982497 0.760853247966 0.0 0.0 0.0 1.0 0.0 0.0 0.0 0.0 0.0 0.0
28.6492463011 38.9279570822 17.5393284809 0.0991597239974 0.995071529658 0.0 0.0 0.0 1.0 0.0 0.0 0.0 0.0 0.0 0.0
29.0003507558 39.0006295083 17.929091336 -0.48601436717 0.8739508195 0.0 0.0 0.0 1.0 0.0 0.0 0.0 0.0 0.0 0.0
29.2473220803 39.2605540829 18.3188541911 -0.897633241342 0.440743195112 0.0 0.0 0.0 1.0 0.0 0.0 0.0 0.0 0.0 0.0
29.3019670755 39.6149120151 18.7086170463 -0.988708233468 -0.149853358562 0.0 0.0 0.0 1.0 0.0 0.0 0.0 0.0 0.0 0.0
29.1867270095 39.8876712839 19.0983799014 -0.796641456772 -0.604452139836 0.0 0.0 0.0 1.0 0.0 0.0 0.0 0.0 0.0 0.0
28.8906208708 40.0967692941 19.4881427565 -0.303131225561 -0.952948823437 0.0 0.0 0.0 1.0 0.0 0.0 0.0 0.0 0.0 0.0
28.5281285777 40.0971702044 19.8779056116 0.301022596177 -0.953617007289 0.0 0.0 0.0 1.0 0.0 0.0 0.0 0.0 0.0 0.0
28.2315606463 39.8887276817 20.2676684668 0.795302481936 -0.606212802758 0.0 0.0 0.0 1.0 0.0 0.0 0.0 0.0 0.0 0.0
28.1091650496 39.5475237234 20.6574313219 0.999295143097 -0.0375395389378 0.0 0.0 0.0 1.0 0.0 0.0 0.0 0.0 0.0 0.0
28.2056164603 39.1980985545 21.047194177 0.838542791848 0.544835742439 0.0 0.0 0.0 1.0 0.0 0.0 0.0 0.0 0.0 0.0
28.4857098931 38.9679931609 21.4369570322 0.371720404003 0.928344731901 0.0 0.0 0.0 1.0 0.0 0.0 0.0 0.0 0.0 0.0
28.8472106043 38.9411965372 21.8267198873 -0.23078078135 0.973005771288 0.0 0.0 0.0 1.0 0.0 0.0 0.0 0.0 0.0 0.0
29.1581700077 39.1274895125 22.2164827424 -0.749046453763 0.662517479094 0.0 0.0 0.0 1.0 0.0 0.0 0.0 0.0 0.0 0.0
29.30508721 39.4588747248 22.6062455976 -0.99390845764 0.110208791992 0.0 0.0 0.0 1.0 0.0 0.0 0.0 0.0 0.0 0.0
29.2343370964 39.8143958137 22.9960084527 -0.875991601617 -0.482326356211 0.0 0.0 0.0 1.0 0.0 0.0 0.0 0.0 0.0 0.0
28.9717436201 40.0642867689 23.3857713078 -0.438335807795 -0.898811281418 0.0 0.0 0.0 1.0 0.0 0.0 0.0 0.0 0.0 0.0
28.6131540005 40.1173368201 23.7755341629 0.159313558255 -0.987228033514 0.0 0.0 0.0 1.0 0.0 0.0 0.0 0.0 0.0 0.0
28.2894542687 39.9541825775 24.1652970181 0.698813111225 -0.715304295793 0.0 0.0 0.0 1.0 0.0 0.0 0.0 0.0 0.0 0.0
28.144926563 39.730212086 24.5550598732 0.939692620786 -0.342020143326 0.0 0.0 0.0 1.0 0.0 0.0 0.0 0.0 0.0 0.0
28.1299439607 39.3669092888 24.9448227283 0.964663624509 0.263484518612 0.0 0.0 0.0 1.0 0.0 0.0 0.0 0.0 0.0 0.0
28.3275304559 39.0616667988 25.3345855835 0.635352799287 0.772222002042 0.0 0.0 0.0 1.0 0.0 0.0 0.0 0.0 0.0 0.0
28.6651205415 38.9265878038 25.7243484386 0.0727026565677 0.997353660307 0.0 0.0 0.0 1.0 0.0 0.0 0.0 0.0 0.0 0.0
29.0187310696 39.0112813409 26.1141112937 -0.516648223573 0.856197765168 0.0 0.0 0.0 1.0 0.0 0.0 0.0 0.0 0.0 0.0
29.2584952333 39.2846429085 26.5038741489 -0.916255163009 0.400595152566 0.0 0.0 0.0 1.0 0.0 0.0 0.0 0.0 0.0 0.0
29.2963573784 39.6462778885 26.893637004 -0.979358738283 -0.202129814101 0.0 0.0 0.0 1.0 0.0 0.0 0.0 0.0 0.0 0.0
29.1184122746 39.9633724183 27.2833998591 -0.682783565258 -0.730620697088 0.0 0.0 0.0 1.0 0.0 0.0 0.0 0.0 0.0 0.0
28.7900119422 40.1194705363 27.6731627143 -0.135449677871 -0.990784227148 0.0 0.0 0.0 1.0 0.0 0.0 0.0 0.0 0.0 0.0
28.4317645055 40.0572437341 28.0629255694 0.46162938326 -0.88707289019 0.0 0.0 0.0 1.0 0.0 0.0 0.0 0.0 0.0 0.0
28.1752397199 39.7995453927 28.4526884245 0.889170692536 -0.457575654439 0.0 0.0 0.0 1.0 0.0 0.0 0.0 0.0 0.0 0.0
28.1146487363 39.4410176622 28.8424512796 0.990155665289 0.139970562965 0.0 0.0 0.0 1.0 0.0 0.0 0.0 0.0 0.0 0.0
28.249426218 39.1389574014 29.2322141348 0.765526529106 0.643404331066 0.0 0.0 0.0 1.0 0.0 0.0 0.0 0.0 0.0 0.0
28.5312081259 38.9518667908 29.6219769899 0.295890015864 0.955222015299 0.0 0.0 0.0 1.0 0.0 0.0 0.0 0.0 0.0 0.0
28.86940834 38.9469114508 30.011739845 -0.267777007599 0.963480915328 0.0 0.0 0.0 1.0 0.0 0.0 0.0 0.0 0.0 0.0
29.1565506462 39.1256661325 30.4015027002 -0.746347517831 0.665556445862 0.0 0.0 0.0 1.0 0.0 0.0 0.0 0.0 0.0 0.0
29.3013844576 39.4313246139 30.7912655553 -0.987737203628 0.156125643534 0.0 0.0 0.0 1.0 0.0 0.0 0.0 0.0 0.0 0.0
29.2578832225 39.7667520766 31.1810284104 -0.915235145052 -0.402920127644 0.0 0.0 0.0 1.0 0.0 0.0 0.0 0.0 0.0 0.0
31.4985532868 38.3980544386 28.8424512796 -0.969077286229 -0.24675739769 0.0 -0.0 -0.0 -1.0 0.0 0.0 0.0 0.0 0.0 0.0
31.4751328673 38.0295299642 28.4526884245 -0.930043253669 0.367450059607 0.0 -0.0 -0.0 -1.0 0.0 0.0 0.0 0.0 0.0 0.0
31.2403464711 37.7445139078 28.0629255694 -0.538732593367 0.84247682036 0.0 -0.0 -0.0 -1.0 0.0 0.0 0.0 0.0 0.0 0.0
30.8831251879 37.6509630711 27.6731627143 0.0566362120767 0.998394881538 0.0 -0.0 -0.0 -1.0 0.0 0.0 0.0 0.0 0.0 0.0
30.5387753149 37.7843121214 27.2833998591 0.630552667085 0.776146464292 0.0 -0.0 -0.0 -1.0 0.0 0.0 0.0 0.0 0.0 0.0
30.337727788 38.0940518448 26.893637004 0.965631878451 0.259913592026 0.0 -0.0 -0.0 -1.0 0.0 0.0 0.0 0.0 0.0 0.0
30.3561342751 38.4628607458 26.5038741489 0.934954400073 -0.354767909743 0.0 -0.0 -0.0 -1.0 0.0 0.0 0.0 0.0 0.0 0.0
30.5870228688 38.7510434336 26.1141112937 0.550140077145 -0.835072389388 0.0 -0.0 -0.0 -1.0 0.0 0.0 0.0 0.0 0.0 0.0
30.9429388677 38.8494436673 25.7243484386 -0.0430532543906 -0.999072778774 0.0 -0.0 -0.0 -1.0 0.0 0.0 0.0 0.0 0.0 0.0
31.2890703828 38.7207899517 25.3345855835 -0.619939112903 -0.784649919578 0.0 -0.0 -0.0 -1.0 0.0 0.0 0.0 0.0 0.0 0.0
31.4943116377 38.4138130282 24.9448227283 -0.962007870988 -0.27302171371 0.0 -0.0 -0.0 -1.0 0.0 0.0 0.0 0.0 0.0 0.0
31.4809224876 38.044787914 24.5550598732 -0.939692620786 0.342020143326 0.0 -0.0 -0.0 -1.0 0.0 0.0 0.0 0.0 0.0 0.0
31.3363947818 37.8208174225 24.1652970181 -0.698813111225 0.715304295793 0.0 -0.0 -0.0 -1.0 0.0 0.0 0.0 0.0 0.0 0.0
31.0167770081 37.6583363518 23.7755341629 -0.166116821655 0.986106080279 0.0 -0.0 -0.0 -1.0 0.0 0.0 0.0 0.0 0.0 0.0
30.6615671495 37.7071377448 23.3857713078 0.42589960941 0.904770425415 0.0 -0.0 -0.0 -1.0 0.0 0.0 0.0 0.0 0.0 0.0
30.3976102711 37.9497946754 22.9960084527 0.865827739958 0.500342207613 0.0 -0.0 -0.0 -1.0 0.0 0.0 0.0 0.0 0.0 0.0
30.3191650955 38.2996546103 22.6062455976 0.996569699399 -0.0827576838676 0.0 -0.0 -0.0 -1.0 0.0 0.0 0.0 0.0 0.0 0.0
30.4542443118 38.6317829363 22.2164827424 0.771437672158 -0.63630489388 0.0 -0.0 -0.0 -1.0 0.0 0.0 0.0 0.0 0.0 0.0
30.7546112747 38.8275769792 21.8267198873 0.270826067288 -0.962628298606 0.0 -0.0 -0.0 -1.0 0.0 0.0 0.0 0.0 0.0 0.0
31.0506238509 38.8349557486 21.4369570322 -0.222528226394 -0.974926247702 0.0 -0.0 -0.0 -1.0 0.0 0.0 0.0 0.0 0.0 0.0
31.3643286929 38.6499908517 21.047194177 -0.745369629633 -0.666651419575 0.0 -0.0 -0.0 -1.0 0.0 0.0 0.0 0.0 0.0 0.0
31.513278596 38.317670724 20.6574313219 -0.993619468173 -0.112784540025 0.0 -0.0 -0.0 -1.0 0.0 0.0 0.0 0.0 0.0 0.0
31.4426009369 37.9604209382 20.2676684668 -0.875823369725 0.482631769618 0.0 -0.0 -0.0 -1.0 0.0 0.0 0.0 0.0 0.0 0.0
31.1783331181 37.709851066 19.8779056116 -0.435377004977 0.90024822329 0.0 -0.0 -0.0 -1.0 0.0 0.0 0.0 0.0 0.0 0.0
30.8178304797 37.658270172 19.4881427565 0.165460725716 0.986216380033 0.0 -0.0 -0.0 -1.0 0.0 0.0 0.0 0.0 0.0 0.0
30.4939009329 37.8246804771 19.0983799014 0.705343303737 0.708865871567 0.0 -0.0 -0.0 -1.0 0.0 0.0 0.0 0.0 0.0 0.0
30.3403490728 38.0846204626 18.7086170463 0.961263070435 0.275632562333 0.0 -0.0 -0.0 -1.0 0.0 0.0 0.0 0.0 0.0 0.0
30.3532921954 38.455214429 18.3188541911 0.939691199497 -0.342024048258 0.0 -0.0 -0.0 -1.0 0.0 0.0 0.0 0.0 0.0 0.0
30.5815928267 38.7474236589 17.929091336 0.559190147385 -0.829039431552 0.0 -0.0 -0.0 -1.0 0.0 0.0 0.0 0.0 0.0 0.0
30.9380481082 38.849634444 17.5393284809 -0.034901988511 -0.99939074 0.0 -0.0 -0.0 -1.0 0.0 0.0 0.0 0.0 0.0 0.0
31.2865045862 38.7228058381 17.1495656257 -0.615662785171 -0.788009730242 0.0 -0.0 -0.0 -1.0 0.0 0.0 0.0 0.0 0.0 0.0
31.4938640701 38.4153819341 16.7598027706 -0.961261925023 -0.275636556903 0.0 -0.0 -0.0 -1.0 0.0 0.0 0.0 0.0 0.0 0.0
31.4809224876 38.044787914 16.3700399155 -0.939692620786 0.342020143326 0.0 -0.0 -0.0 -1.0 0.0 0.0 0.0 0.0 0.0 0.0
31.3363947818 37.8208174225 15.9802770603 -0.698813111225 0.715304295793 0.0 -0.0 -0.0 -1.0 0.0 0.0 0.0 0.0 0.0 0.0
31.0167770081 37.6583363518 15.5905142052 -0.166116821655 0.986106080279 0.0 -0.0 -0.0 -1.0 0.0 0.0 0.0 0.0 0.0 0.0
30.6615671495 37.7071377448 15.2007513501 0.42589960941 0.904770425415 0.0 -0.0 -0.0 -1.0 0.0 0.0 0.0 0.0 0.0 0.0
30.3976102711 37.9497946754 14.810988495 0.865827739958 0.500342207613 0.0 -0.0 -0.0 -1.0 0.0 0.0 0.0 0.0 0.0 0.0
30.3191650955 38.2996546103 14.4212256398 0.996569699399 -0.0827576838676 0.0 -0.0 -0.0 -1.0 0.0 0.0 0.0 0.0 0.0 0.0
30.4542443118 38.6317829363 14.0314627847 0.771437672158 -0.63630489388 0.0 -0.0 -0.0 -1.0 0.0 0.0 0.0 0.0 0.0 0.0
30.7546112747 38.8275769792 13.6416999296 0.270826067288 -0.962628298606 0.0 -0.0 -0.0 -1.0 0.0 0.0 0.0 0.0 0.0 0.0
31.0506238509 38.8349557486 13.2519370744 -0.222528226394 -0.974926247702 0.0 -0.0 -0.0 -1.0 0.0 0.0 0.0 0.0 0.0 0.0
31.3643286929 38.6499908517 12.8621742193 -0.745369629633 -0.666651419575 0.0 -0.0 -0.0 -1.0 0.0 0.0 0.0 0.0 0.0 0.0
31.513278596 38.317670724 12.4724113642 -0.993619468173 -0.112784540025 0.0 -0.0 -0.0 -1.0 0.0 0.0 0.0 0.0 0.0 0.0
31.4426009369 37.9604209382 12.082648509 -0.875823369725 0.482631769618 0.0 -0.0 -0.0 -1.0 0.0 0.0 0.0 0.0 0.0 0.0
31.1783331181 37.709851066 11.6928856539 -0.435377004977 0.90024822329 0.0 -0.0 -0.0 -1.0 0.0 0.0 0.0 0.0 0.0 0.0
30.8178304797 37.658270172 11.3031227988 0.165460725716 0.986216380033 0.0 -0.0 -0.0 -1.0 0.0 0.0 0.0 0.0 0.0 0.0
30.4939009329 37.8246804771 10.9133599436 0.705343303737 0.708865871567 0.0 -0.0 -0.0 -1.0 0.0 0.0 0.0 0.0 0.0 0.0
30.3403490728 38.0846204626 10.5235970885 0.961263070435 0.275632562333 0.0 -0.0 -0.0 -1.0 0.0 0.0 0.0 0.0 0.0 0.0
30.3484233033 38.4413085196 10.1338342334 0.94780601969 -0.31884753259 0.0 -0.0 -0.0 -1.0 0.0 0.0 0.0 0.0 0.0 0.0
30.5575770501 38.7303522418 9.74407137826 0.599216441643 -0.800587069634 0.0 -0.0 -0.0 -1.0 0.0 0.0 0.0 0.0 0.0 0.0
30.8938561262 38.8495493314 9.35430852313 0.0387513148885 -0.999248885711 0.0 -0.0 -0.0 -1.0 0.0 0.0 0.0 0.0 0.0 0.0
31.2383563946 38.7567531666 8.964545668 -0.535415799219 -0.844588611069 0.0 -0.0 -0.0 -1.0 0.0 0.0 0.0 0.0 0.0 0.0
31.4692668064 38.4847753276 8.57478281287 -0.920266485468 -0.391292212706 0.0 -0.0 -0.0 -1.0 0.0 0.0 0.0 0.0 0.0 0.0
31.5049402857 38.1297838263 8.18501995774 -0.979722284303 0.200360289578 0.0 -0.0 -0.0 -1.0 0.0 0.0 0.0 0.0 0.0 0.0
31.3327631299 37.8172992823 7.79525710261 -0.692760358021 0.721167862813 0.0 -0.0 -0.0 -1.0 0.0 0.0 0.0 0.0 0.0 0.0
31.0136150594 37.6578123793 7.40549424748 -0.160846907085 0.986979367809 0.0 -0.0 -0.0 -1.0 0.0 0.0 0.0 0.0 0.0 0.0
30.6603428984 37.7077157206 7.01573139235 0.427940027834 0.9038071324 0.0 -0.0 -0.0 -1.0 0.0 0.0 0.0 0.0 0.0 0.0
30.3978593293 37.9493640996 6.62596853722 0.865412643069 0.501059833968 0.0 -0.0 -0.0 -1.0 0.0 0.0 0.0 0.0 0.0 0.0
31.4363545009 38.5506359004 6.62596853722 -0.865412643069 -0.501059833968 0.0 0.0 0.0 1.0 0.0 0.0 0.0 0.0 0.0 0.0
31.1738709318 38.7922842794 7.01573139235 -0.427940027834 -0.9038071324 0.0 0.0 0.0 1.0 0.0 0.0 0.0 0.0 0.0 0.0
30.8205987709 38.8421876207 7.40549424748 0.160846907085 -0.986979367809 0.0 0.0 0.0 1.0 0.0 0.0 0.0 0.0 0.0 0.0
30.5014507003 38.6827007177 7.79525710261 0.692760358021 -0.721167862813 0.0 0.0 0.0 1.0 0.0 0.0 0.0 0.0 0.0 0.0
30.3292735445 38.3702161737 8.18501995774 0.979722284303 -0.200360289578 0.0 0.0 0.0 1.0 0.0 0.0 0.0 0.0 0.0 0.0
30.3649470238 38.0152246724 8.57478281287 0.920266485468 0.391292212706 0.0 0.0 0.0 1.0 0.0 0.0 0.0 0.0 0.0 0.0
30.5958574356 37.7432468334 8.964545668 0.535415799219 0.844588611069 0.0 0.0 0.0 1.0 0.0 0.0 0.0 0.0 0.0 0.0
30.940357704 37.6504506686 9.35430852313 -0.0387513148885 0.999248885711 0.0 0.0 0.0 1.0 0.0 0.0 0.0 0.0 0.0 0.0
31.2766367801 37.7696477582 9.74407137826 -0.599216441643 0.800587069634 0.0 0.0 0.0 1.0 0.0 0.0 0.0 0.0 0.0 0.0
31.4857905269 38.0586914804 10.1338342334 -0.94780601969 0.31884753259 0.0 0.0 0.0 1.0 0.0 0.0 0.0 0.0 0.0 0.0
31.4938647574 38.4153795374 10.5235970885 -0.961263070435 -0.275632562333 0.0 0.0 0.0 1.0 0.0 0.0 0.0 0.0 0.0 0.0
29.2279897213 34.7256359004 6.62596853722 -0.865412643069 -0.501059833968 0.0 0.0 0.0 1.0 0.0 0.0 0.0 0.0 0.0 0.0
28.9655061522 34.9672842794 7.01573139235 -0.427940027834 -0.9038071324 0.0 0.0 0.0 1.0 0.0 0.0 0.0 0.0 0.0 0.0
28.6122339912 35.0171876207 7.40549424748 0.160846907085 -0.986979367809 0.0 0.0 0.0 1.0 0.0 0.0 0.0 0.0 0.0 0.0
28.2930859206 34.8577007177 7.79525710261 0.692760358021 -0.721167862813 0.0 0.0 0.0 1.0 0.0 0.0 0.0 0.0 0.0 0.0
28.1209087649 34.5452161737 8.18501995774 0.979722284303 -0.200360289578 0.0 0.0 0.0 1.0 0.0 0.0 0.0 0.0 0.0 0.0
28.1565822442 34.1902246724 8.57478281287 0.920266485468 0.391292212706 0.0 0.0 0.0 1.0 0.0 0.0 0.0 0.0 0.0 0.0
28.3874926559 33.9182468334 8.964545668 0.535415799219 0.844588611069 0.0 0.0 0.0 1.0 0.0 0.0 0.0 0.0 0.0 0.0
28.7319929244 33.8254506686 9.35430852313 -0.0387513148885 0.999248885711 0.0 0.0 0.0 1.0 0.0 0.0 0.0 0.0 0.0 0.0
29.0682720004 33.9446477582 9.74407137826 -0.599216441643 0.800587069634 0.0 0.0 0.0 1.0 0.0 0.0 0.0 0.0 0.0 0.0
29.2774257473 34.2336914804 10.1338342334 -0.94780601969 0.31884753259 0.0 0.0 0.0 1.0 0.0 0.0 0.0 0.0 0.0 0.0
29.2854999777 34.5903795374 10.5235970885 -0.961263070435 -0.275632562333 0.0 0.0 0.0 1.0 0.0 0.0 0.0 0.0 0.0 0.0
30.323881975 35.6100879849 10.5235970885 0.988708233468 0.149853358562 0.0 -0.0 -0.0 -1.0 0.0 0.0 0.0 0.0 0.0 0.0
30.3772228906 35.9617732608 10.1338342334 0.899806707557 -0.436288767946 0.0 -0.0 -0.0 -1.0 0.0 0.0 0.0 0.0 0.0 0.0
30.6203147245 36.2214541165 9.74407137826 0.494653650982 -0.869090194152 0.0 -0.0 -0.0 -1.0 0.0 0.0 0.0 0.0 0.0 0.0
30.9677189444 36.2978615412 9.35430852313 -0.0843533821835 -0.99643590206 0.0 -0.0 -0.0 -1.0 0.0 0.0 0.0 0.0 0.0 0.0
31.2973347531 36.1641409174 8.964545668 -0.633713063303 -0.773568195701 0.0 -0.0 -0.0 -1.0 0.0 0.0 0.0 0.0 0.0 0.0
31.4933133764 35.8672905077 8.57478281287 -0.960344102162 -0.278817512799 0.0 -0.0 -0.0 -1.0 0.0 0.0 0.0 0.0 0.0 0.0
31.4867749771 35.51164316 8.18501995774 -0.949446769958 0.313928066626 0.0 -0.0 -0.0 -1.0 0.0 0.0 0.0 0.0 0.0 0.0
31.2800175807 35.2221968514 7.79525710261 -0.604851109257 0.796338581026 0.0 -0.0 -0.0 -1.0 0.0 0.0 0.0 0.0 0.0 0.0
30.9457093975 35.1006821394 7.40549424748 -0.047670803966 0.998863100955 0.0 -0.0 -0.0 -1.0 0.0 0.0 0.0 0.0 0.0 0.0
30.6013484121 35.1898073229 7.01573139235 0.526264171629 0.85032112855 0.0 -0.0 -0.0 -1.0 0.0 0.0 0.0 0.0 0.0 0.0
30.3679658281 35.4582479234 6.62596853722 0.915235145052 0.402920127644 0.0 -0.0 -0.0 -1.0 0.0 0.0 0.0 0.0 0.0 0.0
30.3472518442 35.8877903038 6.23620568209 0.949758451466 -0.31298383963 0.0 -0.0 -0.0 -1.0 0.0 0.0 0.0 0.0 0.0 0.0
30.523329935 36.1527026507 5.84644282695 0.656294966883 -0.754504417776 0.0 -0.0 -0.0 -1.0 0.0 0.0 0.0 0.0 0.0 0.0
30.8100834711 36.2903778302 5.45667997182 0.178372406607 -0.983963050405 0.0 -0.0 -0.0 -1.0 0.0 0.0 0.0 0.0 0.0 0.0
31.1269171489 36.2621206861 5.06691711669 -0.349683723044 -0.936867810226 0.0 -0.0 -0.0 -1.0 0.0 0.0 0.0 0.0 0.0 0.0
31.3847813027 36.0758732062 4.67715426156 -0.77945731269 -0.626455343735 0.0 -0.0 -0.0 -1.0 0.0 0.0 0.0 0.0 0.0 0.0
31.5112003143 35.7839823378 4.28739140643 -0.990155665289 -0.139970562965 0.0 -0.0 -0.0 -1.0 0.0 0.0 0.0 0.0 0.0 0.0
25.9071524157 35.6100879849 18.7086170463 0.988708233468 0.149853358562 0.0 -0.0 -0.0 -1.0 0.0 0.0 0.0 0.0 0.0 0.0
25.961797411 35.9644459171 18.3188541911 0.897633241342 -0.440743195112 0.0 -0.0 -0.0 -1.0 0.0 0.0 0.0 0.0 0.0 0.0
26.2087687355 36.2243704917 17.929091336 0.48601436717 -0.8739508195 0.0 -0.0 -0.0 -1.0 0.0 0.0 0.0 0.0 0.0 0.0
26.5598731902 36.2970429178 17.5393284809 -0.0991597239974 -0.995071529658 0.0 -0.0 -0.0 -1.0 0.0 0.0 0.0 0.0 0.0 0.0
26.8897317453 36.1565119488 17.1495656257 -0.648923982497 -0.760853247966 0.0 -0.0 -0.0 -1.0 0.0 0.0 0.0 0.0 0.0 0.0
27.0805522593 35.8529610452 16.7598027706 -0.966958172498 -0.25493507534 0.0 -0.0 -0.0 -1.0 0.0 0.0 0.0 0.0 0.0 0.0
27.0641929283 35.494787914 16.3700399155 -0.939692620786 0.342020143326 0.0 -0.0 -0.0 -1.0 0.0 0.0 0.0 0.0 0.0 0.0
28.144926563 34.630212086 16.3700399155 0.939692620786 -0.342020143326 0.0 0.0 0.0 1.0 0.0 0.0 0.0 0.0 0.0 0.0
28.1319849804 34.2596180659 16.7598027706 0.961261925023 0.275636556903 0.0 0.0 0.0 1.0 0.0 0.0 0.0 0.0 0.0 0.0
28.3393444644 33.9521941619 17.1495656257 0.615662785171 0.788009730242 0.0 0.0 0.0 1.0 0.0 0.0 0.0 0.0 0.0 0.0
28.6878009423 33.825365556 17.5393284809 0.034901988511 0.99939074 0.0 0.0 0.0 1.0 0.0 0.0 0.0 0.0 0.0 0.0
29.0442562239 33.9275763411 17.929091336 -0.559190147385 0.829039431552 0.0 0.0 0.0 1.0 0.0 0.0 0.0 0.0 0.0 0.0
29.2725568552 34.219785571 18.3188541911 -0.939691199497 0.342024048258 0.0 0.0 0.0 1.0 0.0 0.0 0.0 0.0 0.0 0.0
29.2854999777 34.5903795374 18.7086170463 -0.961263070435 -0.275632562333 0.0 0.0 0.0 1.0 0.0 0.0 0.0 0.0 0.0 0.0
30.323881975 35.6100879849 18.7086170463 0.988708233468 0.149853358562 0.0 -0.0 -0.0 -1.0 0.0 0.0 0.0 0.0 0.0 0.0
30.3785269703 35.9644459171 18.3188541911 0.897633241342 -0.440743195112 0.0 -0.0 -0.0 -1.0 0.0 0.0 0.0 0.0 0.0 0.0
30.6254982948 36.2243704917 17.929091336 0.48601436717 -0.8739508195 0.0 -0.0 -0.0 -1.0 0.0 0.0 0.0 0.0 0.0 0.0
30.9766027495 36.2970429178 17.5393284809 -0.0991597239974 -0.995071529658 0.0 -0.0 -0.0 -1.0 0.0 0.0 0.0 0.0 0.0 0.0
31.3064613046 36.1565119488 17.1495656257 -0.648923982497 -0.760853247966 0.0 -0.0 -0.0 -1.0 0.0 0.0 0.0 0.0 0.0 0.0
31.4972818186 35.8529610452 16.7598027706 -0.966958172498 -0.25493507534 0.0 -0.0 -0.0 -1.0 0.0 0.0 0.0 0.0 0.0 0.0
31.4809224876 35.494787914 16.3700399155 -0.939692620786 0.342020143326 0.0 -0.0 -0.0 -1.0 0.0 0.0 0.0 0.0 0.0 0.0
33.7195650939 39.6089823378 12.4724113642 -0.990155665289 -0.139970562965 0.0 -0.0 -0.0 -1.0 0.0 0.0 0.0 0.0 0.0 0.0
33.6468163668 39.2280156015 12.082648509 -0.868907786738 0.494973997445 0.0 -0.0 -0.0 -1.0 0.0 0.0 0.0 0.0 0.0 0.0
33.3562208266 38.971145472 11.6928856539 -0.384581886385 0.923090879959 0.0 -0.0 -0.0 -1.0 0.0 0.0 0.0 0.0 0.0 0.0
32.9692054596 38.9457065823 11.3031227988 0.26044372533 0.965489029423 0.0 -0.0 -0.0 -1.0 0.0 0.0 0.0 0.0 0.0 0.0
32.6474868207 39.1623287161 10.9133599436 0.796641456772 0.604452139836 0.0 -0.0 -0.0 -1.0 0.0 0.0 0.0 0.0 0.0 0.0
31.3403128973 38.6753195229 10.9133599436 -0.705343303737 -0.708865871567 0.0 0.0 0.0 1.0 0.0 0.0 0.0 0.0 0.0 0.0
31.0163833505 38.841729828 11.3031227988 -0.165460725716 -0.986216380033 0.0 0.0 0.0 1.0 0.0 0.0 0.0 0.0 0.0 0.0
30.6558807121 38.790148934 11.6928856539 0.435377004977 -0.90024822329 0.0 0.0 0.0 1.0 0.0 0.0 0.0 0.0 0.0 0.0
30.3916128933 38.5395790618 12.082648509 0.875823369725 -0.482631769618 0.0 0.0 0.0 1.0 0.0 0.0 0.0 0.0 0.0 0.0
30.3209352342 38.182329276 12.4724113642 0.993619468173 0.112784540025 0.0 0.0 0.0 1.0 0.0 0.0 0.0 0.0 0.0 0.0
30.4698851373 37.8500091483 12.8621742193 0.745369629633 0.666651419575 0.0 0.0 0.0 1.0 0.0 0.0 0.0 0.0 0.0 0.0
30.7835899793 37.6650442514 13.2519370744 0.222528226394 0.974926247702 0.0 0.0 0.0 1.0 0.0 0.0 0.0 0.0 0.0 0.0
31.1302773744 36.2608550216 13.2519370744 -0.355284098851 -0.934758369368 0.0 -0.0 -0.0 -1.0 0.0 0.0 0.0 0.0 0.0 0.0
31.4153719632 36.0342632822 12.8621742193 -0.830441746853 -0.557105470342 0.0 -0.0 -0.0 -1.0 0.0 0.0 0.0 0.0 0.0 0.0
31.5169074509 35.6845301187 12.4724113642 -0.999667559703 0.0257831355367 0.0 -0.0 -0.0 -1.0 0.0 0.0 0.0 0.0 0.0 0.0
31.397478519 35.3404960053 12.082648509 -0.800619339798 0.599173324457 0.0 -0.0 -0.0 -1.0 0.0 0.0 0.0 0.0 0.0 0.0
31.1010823682 35.1289019063 11.6928856539 -0.3066257552 0.951830156198 0.0 -0.0 -0.0 -1.0 0.0 0.0 0.0 0.0 0.0 0.0
30.736910304 35.1276983476 11.3031227988 0.30032768522 0.953836087329 0.0 -0.0 -0.0 -1.0 0.0 0.0 0.0 0.0 0.0 0.0
30.439122041 35.3373287161 10.9133599436 0.796641456772 0.604452139836 0.0 -0.0 -0.0 -1.0 0.0 0.0 0.0 0.0 0.0 0.0
29.1319481177 34.8503195229 10.9133599436 -0.705343303737 -0.708865871567 0.0 0.0 0.0 1.0 0.0 0.0 0.0 0.0 0.0 0.0
28.8160675077 35.0153230171 11.3031227988 -0.178875620344 -0.983871695114 0.0 0.0 0.0 1.0 0.0 0.0 0.0 0.0 0.0 0.0
28.46232289 34.9720626614 11.6928856539 0.410698742363 -0.911771102318 0.0 0.0 0.0 1.0 0.0 0.0 0.0 0.0 0.0 0.0
28.1955141012 34.7358005547 12.082648509 0.855380057159 -0.518000924531 0.0 0.0 0.0 1.0 0.0 0.0 0.0 0.0 0.0 0.0
28.1097703278 34.3898891236 12.4724113642 0.998286346078 0.0585181273914 0.0 0.0 0.0 1.0 0.0 0.0 0.0 0.0 0.0 0.0
28.2353416667 34.0563646841 12.8621742193 0.789000781332 0.614392193194 0.0 0.0 0.0 1.0 0.0 0.0 0.0 0.0 0.0 0.0
28.5279269983 33.8528934661 13.2519370744 0.301358561892 0.953510889909 0.0 0.0 0.0 1.0 0.0 0.0 0.0 0.0 0.0 0.0
28.8843032639 33.8512593877 13.6416999296 -0.292601880719 0.956234353806 0.0 0.0 0.0 1.0 0.0 0.0 0.0 0.0 0.0 0.0
29.178742191 34.0520389461 14.0314627847 -0.783333425969 0.621601756561 0.0 0.0 0.0 1.0 0.0 0.0 0.0 0.0 0.0 0.0
29.307366779 34.3843978308 14.4212256398 -0.997707739234 0.067670282049 0.0 0.0 0.0 1.0 0.0 0.0 0.0 0.0 0.0 0.0
29.224798733 34.7310810156 14.810988495 -0.860094329259 -0.510135026024 0.0 0.0 0.0 1.0 0.0 0.0 0.0 0.0 0.0 0.0
28.9601677645 34.9697799125 15.2007513501 -0.419042715066 -0.907966520831 0.0 0.0 0.0 1.0 0.0 0.0 0.0 0.0 0.0 0.0
28.606834733 35.016282404 15.5905142052 0.169845670775 -0.985470673394 0.0 0.0 0.0 1.0 0.0 0.0 0.0 0.0 0.0 0.0
28.2894542687 34.8541825775 15.9802770603 0.698813111225 -0.715304295793 0.0 0.0 0.0 1.0 0.0 0.0 0.0 0.0 0.0 0.0
26.9196652225 35.2708174225 15.9802770603 -0.698813111225 0.715304295793 0.0 -0.0 -0.0 -1.0 0.0 0.0 0.0 0.0 0.0 0.0
26.5873216693 35.1063328489 15.5905142052 -0.144907189242 0.989445251899 0.0 -0.0 -0.0 -1.0 0.0 0.0 0.0 0.0 0.0 0.0
26.2217684285 35.1686083689 15.2007513501 0.46434821224 0.885652718502 0.0 -0.0 -0.0 -1.0 0.0 0.0 0.0 0.0 0.0 0.0
25.962634056 35.4338569115 14.810988495 0.896238832941 0.443571814172 0.0 -0.0 -0.0 -1.0 0.0 0.0 0.0 0.0 0.0 0.0
25.9088988215 35.800762808 14.4212256398 0.985797557146 -0.167938013339 0.0 -0.0 -0.0 -1.0 0.0 0.0 0.0 0.0 0.0 0.0
26.0810877056 36.1291808351 14.0314627847 0.698816083699 -0.715301391837 0.0 -0.0 -0.0 -1.0 0.0 0.0 0.0 0.0 0.0 0.0
26.4134305752 36.2936667898 13.6416999296 0.144911300926 -0.989444649722 0.0 -0.0 -0.0 -1.0 0.0 0.0 0.0 0.0 0.0 0.0
33.7195650939 39.6089823378 20.6574313219 -0.990155665289 -0.139970562965 0.0 -0.0 -0.0 -1.0 0.0 0.0 0.0 0.0 0.0 0.0
33.6468163668 39.2280156015 20.2676684668 -0.868907786738 0.494973997445 0.0 -0.0 -0.0 -1.0 0.0 0.0 0.0 0.0 0.0 0.0
33.3562208266 38.971145472 19.8779056116 -0.384581886385 0.923090879959 0.0 -0.0 -0.0 -1.0 0.0 0.0 0.0 0.0 0.0 0.0
32.9692054596 38.9457065823 19.4881427565 0.26044372533 0.965489029423 0.0 -0.0 -0.0 -1.0 0.0 0.0 0.0 0.0 0.0 0.0
32.6474868207 39.1623287161 19.0983799014 0.796641456772 0.604452139836 0.0 -0.0 -0.0 -1.0 0.0 0.0 0.0 0.0 0.0 0.0
31.3403128973 38.6753195229 19.0983799014 -0.705343303737 -0.708865871567 0.0 0.0 0.0 1.0 0.0 0.0 0.0 0.0 0.0 0.0
31.0163833505 38.841729828 19.4881427565 -0.165460725716 -0.986216380033 0.0 0.0 0.0 1.0 0.0 0.0 0.0 0.0 0.0 0.0
30.6558807121 38.790148934 19.8779056116 0.435377004977 -0.90024822329 0.0 0.0 0.0 1.0 0.0 0.0 0.0 0.0 0.0 0.0
30.3916128933 38.5395790618 20.2676684668 0.875823369725 -0.482631769618 0.0 0.0 0.0 1.0 0.0 0.0 0.0 0.0 0.0 0.0
30.3209352342 38.182329276 20.6574313219 0.993619468173 0.112784540025 0.0 0.0 0.0 1.0 0.0 0.0 0.0 0.0 0.0 0.0
30.4698851373 37.8500091483 21.047194177 0.745369629633 0.666651419575 0.0 0.0 0.0 1.0 0.0 0.0 0.0 0.0 0.0 0.0
30.7835899793 37.6650442514 21.4369570322 0.222528226394 0.974926247702 0.0 0.0 0.0 1.0 0.0 0.0 0.0 0.0 0.0 0.0
31.1302773744 36.2608550216 21.4369570322 -0.355284098851 -0.934758369368 0.0 -0.0 -0.0 -1.0 0.0 0.0 0.0 0.0 0.0 0.0
31.4153719632 36.0342632822 21.047194177 -0.830441746853 -0.557105470342 0.0 -0.0 -0.0 -1.0 0.0 0.0 0.0 0.0 0.0 0.0
31.5169074509 35.6845301187 20.6574313219 -0.999667559703 0.0257831355367 0.0 -0.0 -0.0 -1.0 0.0 0.0 0.0 0.0 0.0 0.0
31.397478519 35.3404960053 20.2676684668 -0.800619339798 0.599173324457 0.0 -0.0 -0.0 -1.0 0.0 0.0 0.0 0.0 0.0 0.0
31.1010823682 35.1289019063 19.8779056116 -0.3066257552 0.951830156198 0.0 -0.0 -0.0 -1.0 0.0 0.0 0.0 0.0 0.0 0.0
30.736910304 35.1276983476 19.4881427565 0.30032768522 0.953836087329 0.0 -0.0 -0.0 -1.0 0.0 0.0 0.0 0.0 0.0 0.0
30.439122041 35.3373287161 19.0983799014 0.796641456772 0.604452139836 0.0 -0.0 -0.0 -1.0 0.0 0.0 0.0 0.0 0.0 0.0
29.1319481177 34.8503195229 19.0983799014 -0.705343303737 -0.708865871567 0.0 0.0 0.0 1.0 0.0 0.0 0.0 0.0 0.0 0.0
28.8160675077 35.0153230171 19.4881427565 -0.178875620344 -0.983871695114 0.0 0.0 0.0 1.0 0.0 0.0 0.0 0.0 0.0 0.0
28.46232289 34.9720626614 19.8779056116 0.410698742363 -0.911771102318 0.0 0.0 0.0 1.0 0.0 0.0 0.0 0.0 0.0 0.0
28.1955141012 34.7358005547 20.2676684668 0.855380057159 -0.518000924531 0.0 0.0 0.0 1.0 0.0 0.0 0.0 0.0 0.0 0.0
28.1097703278 34.3898891236 20.6574313219 0.998286346078 0.0585181273914 0.0 0.0 0.0 1.0 0.0 0.0 0.0 0.0 0.0 0.0
28.2353416667 34.0563646841 21.047194177 0.789000781332 0.614392193194 0.0 0.0 0.0 1.0 0.0 0.0 0.0 0.0 0.0 0.0
28.5279269983 33.8528934661 21.4369570322 0.301358561892 0.953510889909 0.0 0.0 0.0 1.0 0.0 0.0 0.0 0.0 0.0 0.0
28.8843032639 33.8512593877 21.8267198873 -0.292601880719 0.956234353806 0.0 0.0 0.0 1.0 0.0 0.0 0.0 0.0 0.0 0.0
29.178742191 34.0520389461 22.2164827424 -0.783333425969 0.621601756561 0.0 0.0 0.0 1.0 0.0 0.0 0.0 0.0 0.0 0.0
29.307366779 34.3843978308 22.6062455976 -0.997707739234 0.067670282049 0.0 0.0 0.0 1.0 0.0 0.0 0.0 0.0 0.0 0.0
29.224798733 34.7310810156 22.9960084527 -0.860094329259 -0.510135026024 0.0 0.0 0.0 1.0 0.0 0.0 0.0 0.0 0.0 0.0
28.9601677645 34.9697799125 23.3857713078 -0.419042715066 -0.907966520831 0.0 0.0 0.0 1.0 0.0 0.0 0.0 0.0 0.0 0.0
28.606834733 35.016282404 23.7755341629 0.169845670775 -0.985470673394 0.0 0.0 0.0 1.0 0.0 0.0 0.0 0.0 0.0 0.0
28.2894542687 34.8541825775 24.1652970181 0.698813111225 -0.715304295793 0.0 0.0 0.0 1.0 0.0 0.0 0.0 0.0 0.0 0.0
26.9196652225 35.2708174225 24.1652970181 -0.698813111225 0.715304295793 0.0 -0.0 -0.0 -1.0 0.0 0.0 0.0 0.0 0.0 0.0
26.5873216693 35.1063328489 23.7755341629 -0.144907189242 0.989445251899 0.0 -0.0 -0.0 -1.0 0.0 0.0 0.0 0.0 0.0 0.0
26.2217684285 35.1686083689 23.3857713078 0.46434821224 0.885652718502 0.0 -0.0 -0.0 -1.0 0.0 0.0 0.0 0.0 0.0 0.0
25.962634056 35.4338569115 22.9960084527 0.896238832941 0.443571814172 0.0 -0.0 -0.0 -1.0 0.0 0.0 0.0 0.0 0.0 0.0
25.9088988215 35.800762808 22.6062455976 0.985797557146 -0.167938013339 0.0 -0.0 -0.0 -1.0 0.0 0.0 0.0 0.0 0.0 0.0
26.0810877056 36.1291808351 22.2164827424 0.698816083699 -0.715301391837 0.0 -0.0 -0.0 -1.0 0.0 0.0 0.0 0.0 0.0 0.0
26.4134305752 36.2936667898 21.8267198873 0.144911300926 -0.989444649722 0.0 -0.0 -0.0 -1.0 0.0 0.0 0.0 0.0 0.0 0.0
26.9860714169 35.3477198855 28.4526884245 -0.809490101754 0.587133524134 0.0 -0.0 -0.0 -1.0 0.0 0.0 0.0 0.0 0.0 0.0
26.7020579325 35.13491156 28.0629255694 -0.336134294525 0.941814066599 0.0 -0.0 -0.0 -1.0 0.0 0.0 0.0 0.0 0.0 0.0
26.3474836734 35.1198073407 27.6731627143 0.254822804024 0.96698776546 0.0 -0.0 -0.0 -1.0 0.0 0.0 0.0 0.0 0.0 0.0
26.0464014107 35.3076916503 27.2833998591 0.756626575171 0.653847249551 0.0 -0.0 -0.0 -1.0 0.0 0.0 0.0 0.0 0.0 0.0
25.9041489914 35.6328305312 26.893637004 0.993713940592 0.11194911466 0.0 -0.0 -0.0 -1.0 0.0 0.0 0.0 0.0 0.0 0.0
25.9704954171 35.9814695917 26.5038741489 0.883136564508 -0.469115986115 0.0 -0.0 -0.0 -1.0 0.0 0.0 0.0 0.0 0.0 0.0
26.2222284613 36.2316325728 26.1141112937 0.463581490848 -0.886054288034 0.0 -0.0 -0.0 -1.0 0.0 0.0 0.0 0.0 0.0 0.0
26.5712757924 36.2957964516 25.7243484386 -0.118164060975 -0.992994085931 0.0 -0.0 -0.0 -1.0 0.0 0.0 0.0 0.0 0.0 0.0
26.8955183123 36.1515125961 25.3345855835 -0.658568260891 -0.752520993559 0.0 -0.0 -0.0 -1.0 0.0 0.0 0.0 0.0 0.0 0.0
27.0815152337 35.8492607344 24.9448227283 -0.968563129877 -0.248767890698 0.0 -0.0 -0.0 -1.0 0.0 0.0 0.0 0.0 0.0 0.0
27.0641929283 35.494787914 24.5550598732 -0.939692620786 0.342020143326 0.0 -0.0 -0.0 -1.0 0.0 0.0 0.0 0.0 0.0 0.0
28.144926563 34.630212086 24.5550598732 0.939692620786 -0.342020143326 0.0 0.0 0.0 1.0 0.0 0.0 0.0 0.0 0.0 0.0
28.1292641502 34.2694195879 24.9448227283 0.965796642069 0.259300686788 0.0 0.0 0.0 1.0 0.0 0.0 0.0 0.0 0.0 0.0
28.3235281613 33.9649889196 25.3345855835 0.642023290261 0.766685134043 0.0 0.0 0.0 1.0 0.0 0.0 0.0 0.0 0.0 0.0
28.6573429303 33.8272056192 25.7243484386 0.0856653419927 0.996323967985 0.0 0.0 0.0 1.0 0.0 0.0 0.0 0.0 0.0 0.0
29.0097779947 33.9059841896 26.1141112937 -0.501726432152 0.865026350628 0.0 0.0 0.0 1.0 0.0 0.0 0.0 0.0 0.0 0.0
29.2531573522 34.172785663 26.5038741489 -0.907358694568 0.42035722831 0.0 0.0 0.0 1.0 0.0 0.0 0.0 0.0 0.0 0.0
29.2993124104 34.5309563604 26.893637004 -0.984283791648 -0.176593933927 0.0 0.0 0.0 1.0 0.0 0.0 0.0 0.0 0.0 0.0
29.1315226614 34.8507424419 27.2833998591 -0.704634209964 -0.709570736537 0.0 0.0 0.0 1.0 0.0 0.0 0.0 0.0 0.0 0.0
28.8105729889 35.0162955921 27.6731627143 -0.169718089101 -0.985492653566 0.0 0.0 0.0 1.0 0.0 0.0 0.0 0.0 0.0 0.0
28.4527332404 34.9676411758 28.0629255694 0.426681491731 -0.904401959648 0.0 0.0 0.0 1.0 0.0 0.0 0.0 0.0 0.0 0.0
28.1876373634 34.7224051388 28.4526884245 0.868507953367 -0.495675231314 0.0 0.0 0.0 1.0 0.0 0.0 0.0 0.0 0.0 0.0
31.0796025555 37.6724230208 13.6416999296 -0.270826067288 0.962628298606 0.0 0.0 0.0 1.0 0.0 0.0 0.0 0.0 0.0 0.0
31.3799695184 37.8682170637 14.0314627847 -0.771437672158 0.63630489388 0.0 0.0 0.0 1.0 0.0 0.0 0.0 0.0 0.0 0.0
31.5150487347 38.2003453897 14.4212256398 -0.996569699399 0.0827576838676 0.0 0.0 0.0 1.0 0.0 0.0 0.0 0.0 0.0 0.0
31.4366035591 38.5502053246 14.810988495 -0.865827739958 -0.500342207613 0.0 0.0 0.0 1.0 0.0 0.0 0.0 0.0 0.0 0.0
31.1726466808 38.7928622552 15.2007513501 -0.42589960941 -0.904770425415 0.0 0.0 0.0 1.0 0.0 0.0 0.0 0.0 0.0 0.0
30.8174368221 38.8416636482 15.5905142052 0.166116821655 -0.986106080279 0.0 0.0 0.0 1.0 0.0 0.0 0.0 0.0 0.0 0.0
30.4978190484 38.6791825775 15.9802770603 0.698813111225 -0.715304295793 0.0 0.0 0.0 1.0 0.0 0.0 0.0 0.0 0.0 0.0
29.1280300022 39.0958174225 15.9802770603 -0.698813111225 0.715304295793 0.0 -0.0 -0.0 -1.0 0.0 0.0 0.0 0.0 0.0 0.0
28.8043302704 38.9326631799 15.5905142052 -0.159313558255 0.987228033514 0.0 -0.0 -0.0 -1.0 0.0 0.0 0.0 0.0 0.0 0.0
28.4457406508 38.9857132311 15.2007513501 0.438335807795 0.898811281418 0.0 -0.0 -0.0 -1.0 0.0 0.0 0.0 0.0 0.0 0.0
28.1831471745 39.2356041863 14.810988495 0.875991601617 0.482326356211 0.0 -0.0 -0.0 -1.0 0.0 0.0 0.0 0.0 0.0 0.0
28.1123970609 39.5911252752 14.4212256398 0.99390845764 -0.110208791992 0.0 -0.0 -0.0 -1.0 0.0 0.0 0.0 0.0 0.0 0.0
28.2593142632 39.9225104875 14.0314627847 0.749046453763 -0.662517479094 0.0 -0.0 -0.0 -1.0 0.0 0.0 0.0 0.0 0.0 0.0
28.5702736666 40.1088034628 13.6416999296 0.23078078135 -0.973005771288 0.0 -0.0 -0.0 -1.0 0.0 0.0 0.0 0.0 0.0 0.0
28.9317743779 40.0820068391 13.2519370744 -0.371720404003 -0.928344731901 0.0 -0.0 -0.0 -1.0 0.0 0.0 0.0 0.0 0.0 0.0
29.2118678106 39.8519014455 12.8621742193 -0.838542791848 -0.544835742439 0.0 -0.0 -0.0 -1.0 0.0 0.0 0.0 0.0 0.0 0.0
29.3083192213 39.5024762766 12.4724113642 -0.999295143097 0.0375395389378 0.0 -0.0 -0.0 -1.0 0.0 0.0 0.0 0.0 0.0 0.0
29.1859236246 39.1612723183 12.082648509 -0.795302481936 0.606212802758 0.0 -0.0 -0.0 -1.0 0.0 0.0 0.0 0.0 0.0 0.0
28.8893556932 38.9528297956 11.6928856539 -0.301022596177 0.953617007289 0.0 -0.0 -0.0 -1.0 0.0 0.0 0.0 0.0 0.0 0.0
28.5268634001 38.9532307059 11.3031227988 0.303131225561 0.952948823437 0.0 -0.0 -0.0 -1.0 0.0 0.0 0.0 0.0 0.0 0.0
28.2307572614 39.1623287161 10.9133599436 0.796641456772 0.604452139836 0.0 -0.0 -0.0 -1.0 0.0 0.0 0.0 0.0 0.0 0.0
26.923583338 38.6753195229 10.9133599436 -0.705343303737 -0.708865871567 0.0 0.0 0.0 1.0 0.0 0.0 0.0 0.0 0.0 0.0
26.5996537912 38.841729828 11.3031227988 -0.165460725716 -0.986216380033 0.0 0.0 0.0 1.0 0.0 0.0 0.0 0.0 0.0 0.0
26.2391511528 38.790148934 11.6928856539 0.435377004977 -0.90024822329 0.0 0.0 0.0 1.0 0.0 0.0 0.0 0.0 0.0 0.0
25.974883334 38.5395790618 12.082648509 0.875823369725 -0.482631769618 0.0 0.0 0.0 1.0 0.0 0.0 0.0 0.0 0.0 0.0
25.9042056749 38.182329276 12.4724113642 0.993619468173 0.112784540025 0.0 0.0 0.0 1.0 0.0 0.0 0.0 0.0 0.0 0.0
26.053155578 37.8500091483 12.8621742193 0.745369629633 0.666651419575 0.0 0.0 0.0 1.0 0.0 0.0 0.0 0.0 0.0 0.0
26.36686042 37.6650442514 13.2519370744 0.222528226394 0.974926247702 0.0 0.0 0.0 1.0 0.0 0.0 0.0 0.0 0.0 0.0
26.7135478151 36.2608550216 13.2519370744 -0.355284098851 -0.934758369368 0.0 -0.0 -0.0 -1.0 0.0 0.0 0.0 0.0 0.0 0.0
26.9986424039 36.0342632822 12.8621742193 -0.830441746853 -0.557105470342 0.0 -0.0 -0.0 -1.0 0.0 0.0 0.0 0.0 0.0 0.0
27.1001778916 35.6845301187 12.4724113642 -0.999667559703 0.0257831355367 0.0 -0.0 -0.0 -1.0 0.0 0.0 0.0 0.0 0.0 0.0
26.9807489597 35.3404960053 12.082648509 -0.800619339798 0.599173324457 0.0 -0.0 -0.0 -1.0 0.0 0.0 0.0 0.0 0.0 0.0
26.6843528089 35.1289019063 11.6928856539 -0.3066257552 0.951830156198 0.0 -0.0 -0.0 -1.0 0.0 0.0 0.0 0.0 0.0 0.0
26.3201807447 35.1276983476 11.3031227988 0.30032768522 0.953836087329 0.0 -0.0 -0.0 -1.0 0.0 0.0 0.0 0.0 0.0 0.0
26.0223924817 35.3373287161 10.9133599436 0.796641456772 0.604452139836 0.0 -0.0 -0.0 -1.0 0.0 0.0 0.0 0.0 0.0 0.0
24.7152185584 34.8503195229 10.9133599436 -0.705343303737 -0.708865871567 0.0 0.0 0.0 1.0 0.0 0.0 0.0 0.0 0.0 0.0
24.3710709417 35.0197686734 11.3031227988 -0.131763942532 -0.99128112231 0.0 0.0 0.0 1.0 0.0 0.0 0.0 0.0 0.0 0.0
23.994608087 34.9461051428 11.6928856539 0.495674148576 -0.868508571307 0.0 0.0 0.0 1.0 0.0 0.0 0.0 0.0 0.0 0.0
23.7397098102 34.6594390214 12.082648509 0.920504609897 -0.390731702269 0.0 0.0 0.0 1.0 0.0 0.0 0.0 0.0 0.0 0.0
23.7105662044 34.2769455614 12.4724113642 0.969077286229 0.24675739769 0.0 0.0 0.0 1.0 0.0 0.0 0.0 0.0 0.0 0.0
31.0796025555 37.6724230208 21.8267198873 -0.270826067288 0.962628298606 0.0 0.0 0.0 1.0 0.0 0.0 0.0 0.0 0.0 0.0
31.3799695184 37.8682170637 22.2164827424 -0.771437672158 0.63630489388 0.0 0.0 0.0 1.0 0.0 0.0 0.0 0.0 0.0 0.0
31.5150487347 38.2003453897 22.6062455976 -0.996569699399 0.0827576838676 0.0 0.0 0.0 1.0 0.0 0.0 0.0 0.0 0.0 0.0
31.4366035591 38.5502053246 22.9960084527 -0.865827739958 -0.500342207613 0.0 0.0 0.0 1.0 0.0 0.0 0.0 0.0 0.0 0.0
31.1726466808 38.7928622552 23.3857713078 -0.42589960941 -0.904770425415 0.0 0.0 0.0 1.0 0.0 0.0 0.0 0.0 0.0 0.0
30.8174368221 38.8416636482 23.7755341629 0.166116821655 -0.986106080279 0.0 0.0 0.0 1.0 0.0 0.0 0.0 0.0 0.0 0.0
30.4978190484 38.6791825775 24.1652970181 0.698813111225 -0.715304295793 0.0 0.0 0.0 1.0 0.0 0.0 0.0 0.0 0.0 0.0
29.1280300022 39.0958174225 24.1652970181 -0.698813111225 0.715304295793 0.0 -0.0 -0.0 -1.0 0.0 0.0 0.0 0.0 0.0 0.0
28.8043302704 38.9326631799 23.7755341629 -0.159313558255 0.987228033514 0.0 -0.0 -0.0 -1.0 0.0 0.0 0.0 0.0 0.0 0.0
28.4457406508 38.9857132311 23.3857713078 0.438335807795 0.898811281418 0.0 -0.0 -0.0 -1.0 0.0 0.0 0.0 0.0 0.0 0.0
28.1831471745 39.2356041863 22.9960084527 0.875991601617 0.482326356211 0.0 -0.0 -0.0 -1.0 0.0 0.0 0.0 0.0 0.0 0.0
28.1123970609 39.5911252752 22.6062455976 0.99390845764 -0.110208791992 0.0 -0.0 -0.0 -1.0 0.0 0.0 0.0 0.0 0.0 0.0
28.2593142632 39.9225104875 22.2164827424 0.749046453763 -0.662517479094 0.0 -0.0 -0.0 -1.0 0.0 0.0 0.0 0.0 0.0 0.0
28.5702736666 40.1088034628 21.8267198873 0.23078078135 -0.973005771288 0.0 -0.0 -0.0 -1.0 0.0 0.0 0.0 0.0 0.0 0.0
28.9317743779 40.0820068391 21.4369570322 -0.371720404003 -0.928344731901 0.0 -0.0 -0.0 -1.0 0.0 0.0 0.0 0.0 0.0 0.0
29.2118678106 39.8519014455 21.047194177 -0.838542791848 -0.544835742439 0.0 -0.0 -0.0 -1.0 0.0 0.0 0.0 0.0 0.0 0.0
29.3083192213 39.5024762766 20.6574313219 -0.999295143097 0.0375395389378 0.0 -0.0 -0.0 -1.0 0.0 0.0 0.0 0.0 0.0 0.0
29.1859236246 39.1612723183 20.2676684668 -0.795302481936 0.606212802758 0.0 -0.0 -0.0 -1.0 0.0 0.0 0.0 0.0 0.0 0.0
28.8893556932 38.9528297956 19.8779056116 -0.301022596177 0.953617007289 0.0 -0.0 -0.0 -1.0 0.0 0.0 0.0 0.0 0.0 0.0
28.5268634001 38.9532307059 19.4881427565 0.303131225561 0.952948823437 0.0 -0.0 -0.0 -1.0 0.0 0.0 0.0 0.0 0.0 0.0
28.2307572614 39.1623287161 19.0983799014 0.796641456772 0.604452139836 0.0 -0.0 -0.0 -1.0 0.0 0.0 0.0 0.0 0.0 0.0
26.923583338 38.6753195229 19.0983799014 -0.705343303737 -0.708865871567 0.0 0.0 0.0 1.0 0.0 0.0 0.0 0.0 0.0 0.0
26.5996537912 38.841729828 19.4881427565 -0.165460725716 -0.986216380033 0.0 0.0 0.0 1.0 0.0 0.0 0.0 0.0 0.0 0.0
26.2391511528 38.790148934 19.8779056116 0.435377004977 -0.90024822329 0.0 0.0 0.0 1.0 0.0 0.0 0.0 0.0 0.0 0.0
25.974883334 38.5395790618 20.2676684668 0.875823369725 -0.482631769618 0.0 0.0 0.0 1.0 0.0 0.0 0.0 0.0 0.0 0.0
25.9042056749 38.182329276 20.6574313219 0.993619468173 0.112784540025 0.0 0.0 0.0 1.0 0.0 0.0 0.0 0.0 0.0 0.0
26.053155578 37.8500091483 21.047194177 0.745369629633 0.666651419575 0.0 0.0 0.0 1.0 0.0 0.0 0.0 0.0 0.0 0.0
26.36686042 37.6650442514 21.4369570322 0.222528226394 0.974926247702 0.0 0.0 0.0 1.0 0.0 0.0 0.0 0.0 0.0 0.0
26.7135478151 36.2608550216 21.4369570322 -0.355284098851 -0.934758369368 0.0 -0.0 -0.0 -1.0 0.0 0.0 0.0 0.0 0.0 0.0
26.9986424039 36.0342632822 21.047194177 -0.830441746853 -0.557105470342 0.0 -0.0 -0.0 -1.0 0.0 0.0 0.0 0.0 0.0 0.0
27.1001778916 35.6845301187 20.6574313219 -0.999667559703 0.0257831355367 0.0 -0.0 -0.0 -1.0 0.0 0.0 0.0 0.0 0.0 0.0
26.9807489597 35.3404960053 20.2676684668 -0.800619339798 0.599173324457 0.0 -0.0 -0.0 -1.0 0.0 0.0 0.0 0.0 0.0 0.0
26.6843528089 35.1289019063 19.8779056116 -0.3066257552 0.951830156198 0.0 -0.0 -0.0 -1.0 0.0 0.0 0.0 0.0 0.0 0.0
26.3201807447 35.1276983476 19.4881427565 0.30032768522 0.953836087329 0.0 -0.0 -0.0 -1.0 0.0 0.0 0.0 0.0 0.0 0.0
26.0223924817 35.3373287161 19.0983799014 0.796641456772 0.604452139836 0.0 -0.0 -0.0 -1.0 0.0 0.0 0.0 0.0 0.0 0.0
24.7152185584 34.8503195229 19.0983799014 -0.705343303737 -0.708865871567 0.0 0.0 0.0 1.0 0.0 0.0 0.0 0.0 0.0 0.0
24.3710709417 35.0197686734 19.4881427565 -0.131763942532 -0.99128112231 0.0 0.0 0.0 1.0 0.0 0.0 0.0 0.0 0.0 0.0
23.994608087 34.9461051428 19.8779056116 0.495674148576 -0.868508571307 0.0 0.0 0.0 1.0 0.0 0.0 0.0 0.0 0.0 0.0
23.7397098102 34.6594390214 20.2676684668 0.920504609897 -0.390731702269 0.0 0.0 0.0 1.0 0.0 0.0 0.0 0.0 0.0 0.0
23.7105662044 34.2769455614 20.6574313219 0.969077286229 0.24675739769 0.0 0.0 0.0 1.0 0.0 0.0 0.0 0.0 0.0 0.0
27.0196249416 38.5506359004 6.62596853722 -0.865412643069 -0.501059833968 0.0 0.0 0.0 1.0 0.0 0.0 0.0 0.0 0.0 0.0
26.7571413725 38.7922842794 7.01573139235 -0.427940027834 -0.9038071324 0.0 0.0 0.0 1.0 0.0 0.0 0.0 0.0 0.0 0.0
26.4038692116 38.8421876207 7.40549424748 0.160846907085 -0.986979367809 0.0 0.0 0.0 1.0 0.0 0.0 0.0 0.0 0.0 0.0
26.084721141 38.6827007177 7.79525710261 0.692760358021 -0.721167862813 0.0 0.0 0.0 1.0 0.0 0.0 0.0 0.0 0.0 0.0
25.9125439852 38.3702161737 8.18501995774 0.979722284303 -0.200360289578 0.0 0.0 0.0 1.0 0.0 0.0 0.0 0.0 0.0 0.0
25.9482174645 38.0152246724 8.57478281287 0.920266485468 0.391292212706 0.0 0.0 0.0 1.0 0.0 0.0 0.0 0.0 0.0 0.0
26.1791278763 37.7432468334 8.964545668 0.535415799219 0.844588611069 0.0 0.0 0.0 1.0 0.0 0.0 0.0 0.0 0.0 0.0
26.5236281447 37.6504506686 9.35430852313 -0.0387513148885 0.999248885711 0.0 0.0 0.0 1.0 0.0 0.0 0.0 0.0 0.0 0.0
26.8599072208 37.7696477582 9.74407137826 -0.599216441643 0.800587069634 0.0 0.0 0.0 1.0 0.0 0.0 0.0 0.0 0.0 0.0
27.0690609676 38.0586914804 10.1338342334 -0.94780601969 0.31884753259 0.0 0.0 0.0 1.0 0.0 0.0 0.0 0.0 0.0 0.0
27.0771351981 38.4153795374 10.5235970885 -0.961263070435 -0.275632562333 0.0 0.0 0.0 1.0 0.0 0.0 0.0 0.0 0.0 0.0
28.1155171954 39.4350879849 10.5235970885 0.988708233468 0.149853358562 0.0 -0.0 -0.0 -1.0 0.0 0.0 0.0 0.0 0.0 0.0
28.1688581109 39.7867732608 10.1338342334 0.899806707557 -0.436288767946 0.0 -0.0 -0.0 -1.0 0.0 0.0 0.0 0.0 0.0 0.0
28.4119499449 40.0464541165 9.74407137826 0.494653650982 -0.869090194152 0.0 -0.0 -0.0 -1.0 0.0 0.0 0.0 0.0 0.0 0.0
28.7593541648 40.1228615412 9.35430852313 -0.0843533821835 -0.99643590206 0.0 -0.0 -0.0 -1.0 0.0 0.0 0.0 0.0 0.0 0.0
29.0889699734 39.9891409174 8.964545668 -0.633713063303 -0.773568195701 0.0 -0.0 -0.0 -1.0 0.0 0.0 0.0 0.0 0.0 0.0
29.2849485968 39.6922905077 8.57478281287 -0.960344102162 -0.278817512799 0.0 -0.0 -0.0 -1.0 0.0 0.0 0.0 0.0 0.0 0.0
29.2784101974 39.33664316 8.18501995774 -0.949446769958 0.313928066626 0.0 -0.0 -0.0 -1.0 0.0 0.0 0.0 0.0 0.0 0.0
29.071652801 39.0471968514 7.79525710261 -0.604851109257 0.796338581026 0.0 -0.0 -0.0 -1.0 0.0 0.0 0.0 0.0 0.0 0.0
28.7373446178 38.9256821394 7.40549424748 -0.047670803966 0.998863100955 0.0 -0.0 -0.0 -1.0 0.0 0.0 0.0 0.0 0.0 0.0
28.3929836325 39.0148073229 7.01573139235 0.526264171629 0.85032112855 0.0 -0.0 -0.0 -1.0 0.0 0.0 0.0 0.0 0.0 0.0
28.1596010484 39.2832479234 6.62596853722 0.915235145052 0.402920127644 0.0 -0.0 -0.0 -1.0 0.0 0.0 0.0 0.0 0.0 0.0
25.9365617833 38.455212086 16.3700399155 0.939692620786 -0.342020143326 0.0 0.0 0.0 1.0 0.0 0.0 0.0 0.0 0.0 0.0
25.9236202008 38.0846180659 16.7598027706 0.961261925023 0.275636556903 0.0 0.0 0.0 1.0 0.0 0.0 0.0 0.0 0.0 0.0
26.1309796847 37.7771941619 17.1495656257 0.615662785171 0.788009730242 0.0 0.0 0.0 1.0 0.0 0.0 0.0 0.0 0.0 0.0
26.4794361627 37.650365556 17.5393284809 0.034901988511 0.99939074 0.0 0.0 0.0 1.0 0.0 0.0 0.0 0.0 0.0 0.0
26.8358914442 37.7525763411 17.929091336 -0.559190147385 0.829039431552 0.0 0.0 0.0 1.0 0.0 0.0 0.0 0.0 0.0 0.0
27.0641920755 38.044785571 18.3188541911 -0.939691199497 0.342024048258 0.0 0.0 0.0 1.0 0.0 0.0 0.0 0.0 0.0 0.0
27.0771351981 38.4153795374 18.7086170463 -0.961263070435 -0.275632562333 0.0 0.0 0.0 1.0 0.0 0.0 0.0 0.0 0.0 0.0
28.1155171954 39.4350879849 18.7086170463 0.988708233468 0.149853358562 0.0 -0.0 -0.0 -1.0 0.0 0.0 0.0 0.0 0.0 0.0
28.1701621906 39.7894459171 18.3188541911 0.897633241342 -0.440743195112 0.0 -0.0 -0.0 -1.0 0.0 0.0 0.0 0.0 0.0 0.0
28.4171335152 40.0493704917 17.929091336 0.48601436717 -0.8739508195 0.0 -0.0 -0.0 -1.0 0.0 0.0 0.0 0.0 0.0 0.0
28.7682379699 40.1220429178 17.5393284809 -0.0991597239974 -0.995071529658 0.0 -0.0 -0.0 -1.0 0.0 0.0 0.0 0.0 0.0 0.0
29.098096525 39.9815119488 17.1495656257 -0.648923982497 -0.760853247966 0.0 -0.0 -0.0 -1.0 0.0 0.0 0.0 0.0 0.0 0.0
29.288917039 39.6779610452 16.7598027706 -0.966958172498 -0.25493507534 0.0 -0.0 -0.0 -1.0 0.0 0.0 0.0 0.0 0.0 0.0
29.2725577079 39.319787914 16.3700399155 -0.939692620786 0.342020143326 0.0 -0.0 -0.0 -1.0 0.0 0.0 0.0 0.0 0.0 0.0
30.3532913426 38.455212086 16.3700399155 0.939692620786 -0.342020143326 0.0 0.0 0.0 1.0 0.0 0.0 0.0 0.0 0.0 0.0
30.3403497601 38.0846180659 16.7598027706 0.961261925023 0.275636556903 0.0 0.0 0.0 1.0 0.0 0.0 0.0 0.0 0.0 0.0
30.547709244 37.7771941619 17.1495656257 0.615662785171 0.788009730242 0.0 0.0 0.0 1.0 0.0 0.0 0.0 0.0 0.0 0.0
30.896165722 37.650365556 17.5393284809 0.034901988511 0.99939074 0.0 0.0 0.0 1.0 0.0 0.0 0.0 0.0 0.0 0.0
31.2526210035 37.7525763411 17.929091336 -0.559190147385 0.829039431552 0.0 0.0 0.0 1.0 0.0 0.0 0.0 0.0 0.0 0.0
31.4809216348 38.044785571 18.3188541911 -0.939691199497 0.342024048258 0.0 0.0 0.0 1.0 0.0 0.0 0.0 0.0 0.0 0.0
31.4938647574 38.4153795374 18.7086170463 -0.961263070435 -0.275632562333 0.0 0.0 0.0 1.0 0.0 0.0 0.0 0.0 0.0 0.0
29.3028355346 39.6089823378 28.8424512796 -0.990155665289 -0.139970562965 0.0 -0.0 -0.0 -1.0 0.0 0.0 0.0 0.0 0.0 0.0
29.242244551 39.2504546073 28.4526884245 -0.889170692536 0.457575654439 0.0 -0.0 -0.0 -1.0 0.0 0.0 0.0 0.0 0.0 0.0
28.9857197654 38.9927562659 28.0629255694 -0.46162938326 0.88707289019 0.0 -0.0 -0.0 -1.0 0.0 0.0 0.0 0.0 0.0 0.0
28.6274723287 38.9305294637 27.6731627143 0.135449677871 0.990784227148 0.0 -0.0 -0.0 -1.0 0.0 0.0 0.0 0.0 0.0 0.0
28.2990719963 39.0866275817 27.2833998591 0.682783565258 0.730620697088 0.0 -0.0 -0.0 -1.0 0.0 0.0 0.0 0.0 0.0 0.0
28.1211268925 39.4037221115 26.893637004 0.979358738283 0.202129814101 0.0 -0.0 -0.0 -1.0 0.0 0.0 0.0 0.0 0.0 0.0
28.1589890376 39.7653570915 26.5038741489 0.916255163009 -0.400595152566 0.0 -0.0 -0.0 -1.0 0.0 0.0 0.0 0.0 0.0 0.0
28.3987532013 40.0387186591 26.1141112937 0.516648223573 -0.856197765168 0.0 -0.0 -0.0 -1.0 0.0 0.0 0.0 0.0 0.0 0.0
28.7523637294 40.1234121962 25.7243484386 -0.0727026565677 -0.997353660307 0.0 -0.0 -0.0 -1.0 0.0 0.0 0.0 0.0 0.0 0.0
29.089953815 39.9883332012 25.3345855835 -0.635352799287 -0.772222002042 0.0 -0.0 -0.0 -1.0 0.0 0.0 0.0 0.0 0.0 0.0
29.2875403102 39.6830907112 24.9448227283 -0.964663624509 -0.263484518612 0.0 -0.0 -0.0 -1.0 0.0 0.0 0.0 0.0 0.0 0.0
29.2725577079 39.319787914 24.5550598732 -0.939692620786 0.342020143326 0.0 -0.0 -0.0 -1.0 0.0 0.0 0.0 0.0 0.0 0.0
30.3532913426 38.455212086 24.5550598732 0.939692620786 -0.342020143326 0.0 0.0 0.0 1.0 0.0 0.0 0.0 0.0 0.0 0.0
30.3399021925 38.0861869718 24.9448227283 0.962007870988 0.27302171371 0.0 0.0 0.0 1.0 0.0 0.0 0.0 0.0 0.0 0.0
30.5451434474 37.7792100483 25.3345855835 0.619939112903 0.784649919578 0.0 0.0 0.0 1.0 0.0 0.0 0.0 0.0 0.0 0.0
30.8912749625 37.6505563327 25.7243484386 0.0430532543906 0.999072778774 0.0 0.0 0.0 1.0 0.0 0.0 0.0 0.0 0.0 0.0
31.2471909614 37.7489565664 26.1141112937 -0.550140077145 0.835072389388 0.0 0.0 0.0 1.0 0.0 0.0 0.0 0.0 0.0 0.0
31.4780795551 38.0371392542 26.5038741489 -0.934954400073 0.354767909743 0.0 0.0 0.0 1.0 0.0 0.0 0.0 0.0 0.0 0.0
31.4964860422 38.4059481552 26.893637004 -0.965631878451 -0.259913592026 0.0 0.0 0.0 1.0 0.0 0.0 0.0 0.0 0.0 0.0
31.2954385154 38.7156878786 27.2833998591 -0.630552667085 -0.776146464292 0.0 0.0 0.0 1.0 0.0 0.0 0.0 0.0 0.0 0.0
30.9510886424 38.8490369289 27.6731627143 -0.0566362120767 -0.998394881538 0.0 0.0 0.0 1.0 0.0 0.0 0.0 0.0 0.0 0.0
30.5938673591 38.7554860922 28.0629255694 0.538732593367 -0.84247682036 0.0 0.0 0.0 1.0 0.0 0.0 0.0 0.0 0.0 0.0
30.3590809629 38.4704700358 28.4526884245 0.930043253669 -0.367450059607 0.0 0.0 0.0 1.0 0.0 0.0 0.0 0.0 0.0 0.0
30.3356605434 38.1019455614 28.8424512796 0.969077286229 0.24675739769 0.0 0.0 0.0 1.0 0.0 0.0 0.0 0.0 0.0 0.0
30.5200954125 37.8001312782 29.2322141348 0.661685837597 0.749781202968 0.0 0.0 0.0 1.0 0.0 0.0 0.0 0.0 0.0 0.0
30.8219139944 37.6575995376 29.6219769899 0.158654867917 0.987334103982 0.0 0.0 0.0 1.0 0.0 0.0 0.0 0.0 0.0 0.0
31.1531920757 37.6983988788 30.011739845 -0.393475267628 0.91933520207 0.0 0.0 0.0 1.0 0.0 0.0 0.0 0.0 0.0 0.0
31.4114085194 37.9099030668 30.4015027002 -0.823836007235 0.566828221936 0.0 0.0 0.0 1.0 0.0 0.0 0.0 0.0 0.0 0.0
31.5166526859 38.2266575756 30.7912655553 -0.999242951251 0.0389040406102 0.0 0.0 0.0 1.0 0.0 0.0 0.0 0.0 0.0 0.0
31.4363545009 38.5506359004 31.1810284104 -0.865412643069 -0.501059833968 0.0 0.0 0.0 1.0 0.0 0.0 0.0 0.0 0.0 0.0
