        0.0000  -1.429596   0.309135  -1.120460 
       10.0000  -1.426317   0.302116  -1.124201 
       20.0000  -1.430316   0.302303  -1.128013 
       30.0000  -1.423928   0.298855  -1.125073 
       40.0000  -1.428744   0.295832  -1.132912 
       50.0000  -1.426971   0.285870  -1.141101 
       60.0000  -1.428713   0.293881  -1.134833 
       70.0000  -1.429146   0.293237  -1.135909 
       80.0000  -1.429773   0.295148  -1.134625 
       90.0000  -1.431088   0.299859  -1.131229 
      100.0000  -1.422745   0.290600  -1.132145 
      110.0000  -1.432851   0.294067  -1.138785 
      120.0000  -1.438974   0.294921  -1.144053 
      130.0000  -1.433744   0.293508  -1.140236 
      140.0000  -1.434200   0.298836  -1.135364 
      150.0000  -1.425379   0.291013  -1.134367 
      160.0000  -1.426448   0.296541  -1.129907 
      170.0000  -1.424939   0.299069  -1.125870 
      180.0000  -1.425044   0.294245  -1.130800 
      190.0000  -1.424384   0.296922  -1.127462 
      200.0000  -1.422138   0.298339  -1.123799 
      210.0000  -1.414197   0.292443  -1.121754 
      220.0000  -1.423005   0.306737  -1.116268 
      230.0000  -1.427968   0.309090  -1.118878 
      240.0000  -1.421154   0.301425  -1.119729 
      250.0000  -1.427209   0.305957  -1.121252 
      260.0000  -1.422169   0.300737  -1.121432 
      270.0000  -1.426599   0.301277  -1.125323 
      280.0000  -1.431767   0.302584  -1.129183 
      290.0000  -1.424307   0.297758  -1.126549 
      300.0000  -1.416872   0.291191  -1.125680 
      310.0000  -1.425690   0.306690  -1.119001 
      320.0000  -1.414347   0.301193  -1.113154 
      330.0000  -1.408776   0.297743  -1.111033 
      340.0000  -1.408934   0.303271  -1.105663 
      350.0000  -1.411621   0.301096  -1.110525 
      360.0000  -1.402165   0.289914  -1.112251 
      370.0000  -1.404635   0.297104  -1.107531 
      380.0000  -1.414121   0.307402  -1.106720 
      390.0000  -1.402225   0.295713  -1.106513 
      400.0000  -1.411363   0.295764  -1.115598 
      410.0000  -1.419728   0.298873  -1.120855 
      420.0000  -1.421394   0.292008  -1.129385 
      430.0000  -1.415992   0.287097  -1.128895 
      440.0000  -1.427018   0.300246  -1.126772 
      450.0000  -1.410049   0.290361  -1.119689 
      460.0000  -1.416596   0.296127  -1.120470 
      470.0000  -1.421067   0.299869  -1.121198 
      480.0000  -1.415487   0.289420  -1.126067 
      490.0000  -1.424794   0.295480  -1.129315 
      500.0000  -1.421481   0.293825  -1.127656 
      510.0000  -1.422489   0.287496  -1.134993 
      520.0000  -1.430975   0.293112  -1.137863 
      530.0000  -1.422938   0.294150  -1.128788 
      540.0000  -1.423633   0.295702  -1.127931 
      550.0000  -1.414989   0.291379  -1.123610 
      560.0000  -1.422967   0.291167  -1.131800 
      570.0000  -1.427754   0.297334  -1.130421 
      580.0000  -1.427587   0.285953  -1.141634 
      590.0000  -1.434975   0.293875  -1.141100 
      600.0000  -1.431840   0.289323  -1.142516 
      610.0000  -1.434793   0.290504  -1.144290 
      620.0000  -1.427989   0.291501  -1.136488 
      630.0000  -1.418336   0.286795  -1.131541 
      640.0000  -1.424897   0.297699  -1.127198 
      650.0000  -1.413972   0.290027  -1.123945 
      660.0000  -1.417621   0.297829  -1.119792 
      670.0000  -1.413518   0.298158  -1.115360 
      680.0000  -1.419052   0.304747  -1.114305 
      690.0000  -1.409377   0.294529  -1.114848 
      700.0000  -1.415362   0.301038  -1.114324 
      710.0000  -1.406217   0.296360  -1.109857 
      720.0000  -1.411911   0.297695  -1.114216 
      730.0000  -1.415668   0.297779  -1.117889 
      740.0000  -1.408245   0.297310  -1.110935 
      750.0000  -1.408907   0.298285  -1.110622 
      760.0000  -1.402263   0.293147  -1.109116 
      770.0000  -1.403608   0.300237  -1.103371 
      780.0000  -1.405162   0.304532  -1.100630 
      790.0000  -1.414875   0.317057  -1.097818 
      800.0000  -1.394495   0.302283  -1.092212 
      810.0000  -1.402741   0.298871  -1.103870 
      820.0000  -1.400964   0.295865  -1.105098 
      830.0000  -1.408859   0.302377  -1.106483 
      840.0000  -1.401082   0.298109  -1.102973 
      850.0000  -1.406799   0.306210  -1.100588 
      860.0000  -1.400365   0.305756  -1.094609 
      870.0000  -1.400010   0.310206  -1.089803 
      880.0000  -1.394866   0.306756  -1.088110 
      890.0000  -1.400401   0.308653  -1.091748 
      900.0000  -1.397121   0.297989  -1.099132 
      910.0000  -1.401648   0.300653  -1.100995 
      920.0000  -1.408725   0.310207  -1.098518 
      930.0000  -1.397952   0.295238  -1.102714 
      940.0000  -1.402749   0.297764  -1.104985 
      950.0000  -1.405661   0.309389  -1.096273 
      960.0000  -1.400971   0.303286  -1.097685 
      970.0000  -1.395377   0.303808  -1.091569 
      980.0000  -1.393041   0.301293  -1.091747 
      990.0000  -1.402820   0.311981  -1.090839 
     1000.0000  -1.401447   0.314558  -1.086889 
     1010.0000  -1.405280   0.318069  -1.087211 
     1020.0000  -1.395535   0.310175  -1.085359 
     1030.0000  -1.404178   0.320560  -1.083618 
     1040.0000  -1.397556   0.317163  -1.080393 
     1050.0000  -1.403727   0.311024  -1.092703 
     1060.0000  -1.402246   0.306500  -1.095746 
     1070.0000  -1.406093   0.305675  -1.100418 
     1080.0000  -1.404192   0.306128  -1.098064 
     1090.0000  -1.409691   0.306110  -1.103581 
     1100.0000  -1.410027   0.306725  -1.103302 
     1110.0000  -1.402864   0.296778  -1.106087 
     1120.0000  -1.407484   0.300591  -1.106892 
     1130.0000  -1.413377   0.305752  -1.107625 
     1140.0000  -1.406850   0.304412  -1.102439 
     1150.0000  -1.408354   0.309036  -1.099318 
     1160.0000  -1.398973   0.297448  -1.101525 
     1170.0000  -1.405900   0.306579  -1.099320 
     1180.0000  -1.408181   0.304192  -1.103989 
     1190.0000  -1.407551   0.304619  -1.102932 
     1200.0000  -1.411897   0.304679  -1.107217 
     1210.0000  -1.404993   0.297455  -1.107538 
     1220.0000  -1.408060   0.300346  -1.107715 
     1230.0000  -1.414115   0.309799  -1.104316 
     1240.0000  -1.407009   0.303080  -1.103929 
     1250.0000  -1.410184   0.302247  -1.107937 
     1260.0000  -1.408641   0.309925  -1.098716 
     1270.0000  -1.403614   0.302346  -1.101268 
     1280.0000  -1.404453   0.299302  -1.105151 
     1290.0000  -1.409238   0.298958  -1.110280 
     1300.0000  -1.410997   0.302816  -1.108182 
     1310.0000  -1.415373   0.305181  -1.110192 
     1320.0000  -1.416386   0.301969  -1.114417 
     1330.0000  -1.424762   0.302826  -1.121935 
     1340.0000  -1.420974   0.298370  -1.122604 
     1350.0000  -1.418530   0.297011  -1.121518 
     1360.0000  -1.425960   0.305466  -1.120494 
     1370.0000  -1.410953   0.291599  -1.119354 
     1380.0000  -1.417199   0.303660  -1.113539 
     1390.0000  -1.402455   0.292904  -1.109551 
     1400.0000  -1.408699   0.300203  -1.108495 
     1410.0000  -1.410678   0.307469  -1.103209 
     1420.0000  -1.397959   0.295123  -1.102836 
     1430.0000  -1.406626   0.302402  -1.104224 
     1440.0000  -1.404697   0.295041  -1.109656 
     1450.0000  -1.411375   0.301157  -1.110218 
     1460.0000  -1.415818   0.307092  -1.108726 
     1470.0000  -1.400357   0.302842  -1.097515 
     1480.0000  -1.407594   0.305248  -1.102347 
     1490.0000  -1.402809   0.302980  -1.099829 
     1500.0000  -1.399379   0.290347  -1.109032 
     1510.0000  -1.413400   0.304952  -1.108448 
     1520.0000  -1.405179   0.295193  -1.109986 
     1530.0000  -1.409395   0.298032  -1.111363 
     1540.0000  -1.414504   0.298346  -1.116158 
     1550.0000  -1.408810   0.291046  -1.117764 
     1560.0000  -1.403098   0.287339  -1.115759 
     1570.0000  -1.414488   0.299303  -1.115185 
     1580.0000  -1.412106   0.290140  -1.121966 
     1590.0000  -1.413385   0.302016  -1.111369 
     1600.0000  -1.403580   0.303556  -1.100024 
     1610.0000  -1.395037   0.293491  -1.101546 
     1620.0000  -1.405717   0.302829  -1.102889 
     1630.0000  -1.404759   0.296321  -1.108438 
     1640.0000  -1.413344   0.295239  -1.118105 
     1650.0000  -1.406367   0.289262  -1.117105 
     1660.0000  -1.414259   0.294740  -1.119519 
     1670.0000  -1.406706   0.289729  -1.116978 
     1680.0000  -1.410908   0.295035  -1.115873 
     1690.0000  -1.405155   0.296131  -1.109024 
     1700.0000  -1.404911   0.291182  -1.113729 
     1710.0000  -1.400575   0.294528  -1.106046 
     1720.0000  -1.404811   0.292126  -1.112685 
     1730.0000  -1.408914   0.291332  -1.117581 
     1740.0000  -1.408887   0.294095  -1.114792 
     1750.0000  -1.416830   0.304240  -1.112590 
     1760.0000  -1.409036   0.303538  -1.105497 
     1770.0000  -1.406428   0.302920  -1.103508 
     1780.0000  -1.399721   0.298022  -1.101699 
     1790.0000  -1.409509   0.300663  -1.108846 
     1800.0000  -1.398095   0.293470  -1.104625 
     1810.0000  -1.410060   0.300907  -1.109153 
     1820.0000  -1.415224   0.302212  -1.113012 
     1830.0000  -1.410134   0.300148  -1.109986 
     1840.0000  -1.409273   0.299107  -1.110166 
     1850.0000  -1.412323   0.300823  -1.111500 
     1860.0000  -1.412269   0.305415  -1.106854 
     1870.0000  -1.401866   0.299804  -1.102061 
     1880.0000  -1.397143   0.298862  -1.098281 
     1890.0000  -1.400693   0.303861  -1.096832 
     1900.0000  -1.400546   0.301583  -1.098963 
     1910.0000  -1.399764   0.304294  -1.095470 
     1920.0000  -1.402228   0.303296  -1.098932 
     1930.0000  -1.402135   0.304854  -1.097281 
     1940.0000  -1.398055   0.294856  -1.103198 
     1950.0000  -1.409784   0.305551  -1.104233 
     1960.0000  -1.412810   0.302672  -1.110139 
     1970.0000  -1.405245   0.296675  -1.108570 
     1980.0000  -1.412722   0.307126  -1.105597 
     1990.0000  -1.407559   0.301521  -1.106038 
     2000.0000  -1.413135   0.302142  -1.110993 
     2010.0000  -1.404838   0.300779  -1.104059 
     2020.0000  -1.399879   0.292547  -1.107332 
     2030.0000  -1.402209   0.295627  -1.106582 
     2040.0000  -1.396050   0.293919  -1.102131 
     2050.0000  -1.398009   0.295180  -1.102829 
     2060.0000  -1.409511   0.302665  -1.106846 
     2070.0000  -1.394018   0.291827  -1.102191 
     2080.0000  -1.409505   0.311892  -1.097613 
     2090.0000  -1.398676   0.305362  -1.093314 
     2100.0000  -1.391165   0.301496  -1.089669 
     2110.0000  -1.401916   0.307038  -1.094878 
     2120.0000  -1.388248   0.295436  -1.092813 
     2130.0000  -1.394270   0.302894  -1.091377 
     2140.0000  -1.406146   0.312806  -1.093340 
     2150.0000  -1.395455   0.297507  -1.097948 
     2160.0000  -1.406955   0.303840  -1.103115 
     2170.0000  -1.406848   0.305043  -1.101805 
     2180.0000  -1.406807   0.299812  -1.106994 
     2190.0000  -1.407932   0.301877  -1.106054 
     2200.0000  -1.411357   0.303283  -1.108075 
     2210.0000  -1.413564   0.308726  -1.104838 
     2220.0000  -1.404720   0.299896  -1.104824 
     2230.0000  -1.406891   0.304339  -1.102551 
     2240.0000  -1.399344   0.296718  -1.102626 
     2250.0000  -1.409089   0.305543  -1.103546 
     2260.0000  -1.398063   0.299155  -1.098908 
     2270.0000  -1.395515   0.303171  -1.092344 
     2280.0000  -1.398521   0.298520  -1.100000 
     2290.0000  -1.402103   0.301917  -1.100186 
     2300.0000  -1.395635   0.294135  -1.101500 
     2310.0000  -1.406208   0.300726  -1.105481 
     2320.0000  -1.403520   0.305224  -1.098296 
     2330.0000  -1.411943   0.312487  -1.099457 
     2340.0000  -1.393096   0.294928  -1.098168 
     2350.0000  -1.400715   0.297914  -1.102801 
     2360.0000  -1.396007   0.301099  -1.094908 
     2370.0000  -1.402136   0.303031  -1.099105 
     2380.0000  -1.404603   0.306579  -1.098024 
     2390.0000  -1.397400   0.299960  -1.097440 
     2400.0000  -1.403177   0.311726  -1.091451 
     2410.0000  -1.402769   0.306429  -1.096339 
     2420.0000  -1.394171   0.299250  -1.094921 
     2430.0000  -1.403576   0.303021  -1.100556 
     2440.0000  -1.406400   0.300776  -1.105624 
     2450.0000  -1.412047   0.298088  -1.113958 
     2460.0000  -1.406584   0.294228  -1.112356 
     2470.0000  -1.409966   0.294552  -1.115413 
     2480.0000  -1.413523   0.296233  -1.117290 
     2490.0000  -1.408296   0.289822  -1.118474 
     2500.0000  -1.421177   0.309794  -1.111383 
     2510.0000  -1.400214   0.290207  -1.110007 
     2520.0000  -1.417646   0.311681  -1.105965 
     2530.0000  -1.409568   0.298972  -1.110596 
     2540.0000  -1.410274   0.304287  -1.105987 
     2550.0000  -1.409619   0.300820  -1.108799 
     2560.0000  -1.413978   0.307520  -1.106458 
     2570.0000  -1.421684   0.302768  -1.118916 
     2580.0000  -1.423419   0.308090  -1.115329 
     2590.0000  -1.413581   0.302741  -1.110840 
     2600.0000  -1.408711   0.292916  -1.115796 
     2610.0000  -1.420303   0.307907  -1.112395 
     2620.0000  -1.415099   0.306097  -1.109003 
     2630.0000  -1.412840   0.296556  -1.116285 
     2640.0000  -1.421557   0.299333  -1.122225 
     2650.0000  -1.425758   0.298096  -1.127662 
     2660.0000  -1.428592   0.306614  -1.121977 
     2670.0000  -1.415569   0.302559  -1.113010 
     2680.0000  -1.402718   0.291006  -1.111712 
     2690.0000  -1.416532   0.311750  -1.104781 
     2700.0000  -1.399380   0.297328  -1.102052 
     2710.0000  -1.406595   0.301920  -1.104675 
     2720.0000  -1.402089   0.297852  -1.104238 
     2730.0000  -1.414905   0.311423  -1.103482 
     2740.0000  -1.407623   0.300384  -1.107239 
     2750.0000  -1.414723   0.300778  -1.113945 
     2760.0000  -1.414713   0.305074  -1.109639 
     2770.0000  -1.404301   0.300325  -1.103976 
     2780.0000  -1.404817   0.295964  -1.108854 
     2790.0000  -1.407527   0.295917  -1.111611 
     2800.0000  -1.415379   0.299417  -1.115962 
     2810.0000  -1.414794   0.297295  -1.117500 
     2820.0000  -1.413891   0.305141  -1.108750 
     2830.0000  -1.404516   0.294805  -1.109711 
     2840.0000  -1.401418   0.294948  -1.106470 
     2850.0000  -1.400055   0.301447  -1.098607 
     2860.0000  -1.399398   0.299666  -1.099732 
     2870.0000  -1.398302   0.299203  -1.099100 
     2880.0000  -1.401239   0.302749  -1.098490 
     2890.0000  -1.406114   0.307665  -1.098449 
     2900.0000  -1.402297   0.298215  -1.104082 
     2910.0000  -1.400207   0.298812  -1.101395 
     2920.0000  -1.405289   0.303681  -1.101608 
     2930.0000  -1.413544   0.304860  -1.108684 
     2940.0000  -1.408708   0.298462  -1.110246 
     2950.0000  -1.408945   0.308805  -1.100141 
     2960.0000  -1.398085   0.294507  -1.103578 
     2970.0000  -1.403738   0.295207  -1.108531 
     2980.0000  -1.396221   0.299135  -1.097086 
     2990.0000  -1.411544   0.312229  -1.099315 
     3000.0000  -1.395143   0.299725  -1.095418 
     3010.0000  -1.400306   0.302896  -1.097409 
     3020.0000  -1.406306   0.302483  -1.103823 
     3030.0000  -1.402319   0.294918  -1.107401 
     3040.0000  -1.404411   0.301156  -1.103255 
     3050.0000  -1.395379   0.290920  -1.104459 
     3060.0000  -1.397119   0.296131  -1.100988 
     3070.0000  -1.411489   0.306853  -1.104635 
     3080.0000  -1.397288   0.293815  -1.103473 
     3090.0000  -1.404386   0.291581  -1.112805 
     3100.0000  -1.408211   0.294573  -1.113638 
     3110.0000  -1.417717   0.300319  -1.117399 
     3120.0000  -1.406551   0.295436  -1.111115 
     3130.0000  -1.404153   0.296950  -1.107203 
     3140.0000  -1.406598   0.298257  -1.108341 
     3150.0000  -1.409714   0.295028  -1.114687 
     3160.0000  -1.417365   0.300463  -1.116902 
     3170.0000  -1.421887   0.302951  -1.118936 
     3180.0000  -1.410443   0.307866  -1.102578 
     3190.0000  -1.400932   0.300240  -1.100692 
     3200.0000  -1.396721   0.295828  -1.100893 
     3210.0000  -1.400773   0.308916  -1.091857 
     3220.0000  -1.397293   0.304079  -1.093214 
     3230.0000  -1.401595   0.306164  -1.095431 
     3240.0000  -1.405691   0.306327  -1.099364 
     3250.0000  -1.395612   0.299201  -1.096411 
     3260.0000  -1.401259   0.300162  -1.101098 
     3270.0000  -1.394010   0.298082  -1.095928 
     3280.0000  -1.395775   0.297764  -1.098011 
     3290.0000  -1.397393   0.299115  -1.098278 
     3300.0000  -1.404785   0.306286  -1.098499 
     3310.0000  -1.409429   0.306799  -1.102630 
     3320.0000  -1.404309   0.300566  -1.103744 
     3330.0000  -1.410730   0.302979  -1.107750 
     3340.0000  -1.409905   0.299720  -1.110185 
     3350.0000  -1.409301   0.297925  -1.111377 
     3360.0000  -1.415114   0.301083  -1.114031 
     3370.0000  -1.416111   0.295392  -1.120719 
     3380.0000  -1.422272   0.295529  -1.126744 
     3390.0000  -1.413594   0.293329  -1.120266 
     3400.0000  -1.412500   0.292211  -1.120290 
     3410.0000  -1.417819   0.298918  -1.118901 
     3420.0000  -1.416192   0.296266  -1.119926 
     3430.0000  -1.419803   0.290684  -1.129118 
     3440.0000  -1.423735   0.295011  -1.128724 
     3450.0000  -1.413677   0.283535  -1.130141 
     3460.0000  -1.415735   0.285974  -1.129761 
     3470.0000  -1.415590   0.293268  -1.122322 
     3480.0000  -1.416161   0.294929  -1.121232 
     3490.0000  -1.417617   0.292528  -1.125088 
     3500.0000  -1.419133   0.289853  -1.129279 
     3510.0000  -1.426350   0.293780  -1.132569 
     3520.0000  -1.428534   0.298948  -1.129586 
     3530.0000  -1.417453   0.287851  -1.129602 
     3540.0000  -1.420469   0.295601  -1.124868 
     3550.0000  -1.424349   0.292899  -1.131450 
     3560.0000  -1.418630   0.289255  -1.129375 
     3570.0000  -1.422857   0.295610  -1.127246 
     3580.0000  -1.425423   0.298169  -1.127254 
     3590.0000  -1.424172   0.294384  -1.129788 
     3600.0000  -1.426197   0.290212  -1.135985 
     3610.0000  -1.425331   0.289305  -1.136025 
     3620.0000  -1.438782   0.296631  -1.142151 
     3630.0000  -1.428339   0.289943  -1.138396 
     3640.0000  -1.433273   0.297031  -1.136242 
     3650.0000  -1.422356   0.292985  -1.129371 
     3660.0000  -1.429549   0.303565  -1.125984 
     3670.0000  -1.430338   0.297381  -1.132956 
     3680.0000  -1.420760   0.293737  -1.127023 
     3690.0000  -1.412018   0.289745  -1.122273 
     3700.0000  -1.423273   0.300409  -1.122865 
     3710.0000  -1.404689   0.284626  -1.120063 
     3720.0000  -1.422866   0.306805  -1.116061 
     3730.0000  -1.418999   0.301337  -1.117662 
     3740.0000  -1.423630   0.292444  -1.131186 
     3750.0000  -1.433886   0.299760  -1.134126 
     3760.0000  -1.428343   0.295109  -1.133234 
     3770.0000  -1.420787   0.293492  -1.127295 
     3780.0000  -1.417227   0.298051  -1.119176 
     3790.0000  -1.416707   0.292906  -1.123801 
     3800.0000  -1.421934   0.297426  -1.124508 
     3810.0000  -1.418249   0.291017  -1.127233 
     3820.0000  -1.407839   0.289524  -1.118316 
     3830.0000  -1.420106   0.299839  -1.120267 
     3840.0000  -1.424139   0.300176  -1.123963 
     3850.0000  -1.414700   0.285046  -1.129654 
     3860.0000  -1.417876   0.296557  -1.121319 
     3870.0000  -1.415387   0.301070  -1.114317 
     3880.0000  -1.411841   0.298882  -1.112959 
     3890.0000  -1.412558   0.302395  -1.110163 
     3900.0000  -1.416333   0.307844  -1.108489 
     3910.0000  -1.410598   0.298194  -1.112403 
     3920.0000  -1.411664   0.303845  -1.107820 
     3930.0000  -1.409733   0.303798  -1.105935 
     3940.0000  -1.416460   0.310266  -1.106194 
     3950.0000  -1.406468   0.307596  -1.098872 
     3960.0000  -1.398614   0.299901  -1.098713 
     3970.0000  -1.403032   0.304897  -1.098135 
     3980.0000  -1.400781   0.298087  -1.102694 
     3990.0000  -1.415103   0.305715  -1.109388 
     4000.0000  -1.417101   0.307621  -1.109480 
     4010.0000  -1.402514   0.293071  -1.109442 
     4020.0000  -1.406082   0.297505  -1.108578 
     4030.0000  -1.398402   0.295180  -1.103222 
     4040.0000  -1.394700   0.297384  -1.097316 
     4050.0000  -1.401842   0.307631  -1.094211 
     4060.0000  -1.390342   0.300279  -1.090063 
     4070.0000  -1.404376   0.308199  -1.096176 
     4080.0000  -1.396007   0.298012  -1.097994 
     4090.0000  -1.410558   0.301311  -1.109248 
     4100.0000  -1.410998   0.302402  -1.108596 
     4110.0000  -1.400827   0.293962  -1.106864 
     4120.0000  -1.412881   0.307461  -1.105420 
     4130.0000  -1.409168   0.303177  -1.105991 
     4140.0000  -1.410855   0.306727  -1.104128 
     4150.0000  -1.416297   0.310033  -1.106264 
     4160.0000  -1.404440   0.297782  -1.106658 
     4170.0000  -1.411016   0.301635  -1.109380 
     4180.0000  -1.414550   0.303428  -1.111122 
     4190.0000  -1.403933   0.300471  -1.103461 
     4200.0000  -1.406494   0.296228  -1.110267 
     4210.0000  -1.414952   0.304928  -1.110024 
     4220.0000  -1.404151   0.296337  -1.107813 
     4230.0000  -1.411129   0.303092  -1.108037 
     4240.0000  -1.407897   0.295308  -1.112589 
     4250.0000  -1.417778   0.305370  -1.112408 
     4260.0000  -1.418796   0.305692  -1.113105 
     4270.0000  -1.405547   0.292333  -1.113214 
     4280.0000  -1.412098   0.298379  -1.113720 
     4290.0000  -1.421567   0.304338  -1.117229 
     4300.0000  -1.416577   0.294518  -1.122059 
     4310.0000  -1.417752   0.296659  -1.121093 
     4320.0000  -1.405505   0.287379  -1.118127 
     4330.0000  -1.411465   0.291345  -1.120120 
     4340.0000  -1.420164   0.298445  -1.121718 
     4350.0000  -1.420144   0.298360  -1.121784 
     4360.0000  -1.417110   0.293073  -1.124036 
     4370.0000  -1.426019   0.300589  -1.125431 
     4380.0000  -1.427706   0.303375  -1.124331 
     4390.0000  -1.410236   0.288344  -1.121892 
     4400.0000  -1.416475   0.300521  -1.115954 
     4410.0000  -1.418594   0.298759  -1.119836 
     4420.0000  -1.421459   0.305039  -1.116420 
     4430.0000  -1.422416   0.298618  -1.123798 
     4440.0000  -1.418915   0.293220  -1.125695 
     4450.0000  -1.429676   0.306672  -1.123004 
     4460.0000  -1.423192   0.299359  -1.123833 
     4470.0000  -1.424224   0.295933  -1.128291 
     4480.0000  -1.427705   0.303774  -1.123931 
     4490.0000  -1.412063   0.293106  -1.118957 
     4500.0000  -1.410152   0.294407  -1.115745 
     4510.0000  -1.410933   0.295950  -1.114983 
     4520.0000  -1.414473   0.297406  -1.117067 
     4530.0000  -1.427994   0.314020  -1.113973 
     4540.0000  -1.421942   0.302186  -1.119756 
     4550.0000  -1.424817   0.307539  -1.117278 
     4560.0000  -1.417518   0.304974  -1.112544 
     4570.0000  -1.417667   0.308504  -1.109163 
     4580.0000  -1.412324   0.304626  -1.107698 
     4590.0000  -1.411077   0.298611  -1.112466 
     4600.0000  -1.416744   0.297926  -1.118818 
     4610.0000  -1.417457   0.301956  -1.115501 
     4620.0000  -1.413047   0.294202  -1.118845 
     4630.0000  -1.413732   0.292796  -1.120936 
     4640.0000  -1.416893   0.295836  -1.121057 
     4650.0000  -1.422042   0.303338  -1.118704 
     4660.0000  -1.421022   0.304008  -1.117014 
     4670.0000  -1.412486   0.301082  -1.111404 
     4680.0000  -1.418105   0.303141  -1.114964 
     4690.0000  -1.414312   0.297568  -1.116744 
     4700.0000  -1.423929   0.299990  -1.123939 
     4710.0000  -1.427700   0.306070  -1.121630 
     4720.0000  -1.422638   0.296213  -1.126425 
     4730.0000  -1.424679   0.310053  -1.114626 
     4740.0000  -1.416299   0.298587  -1.117712 
     4750.0000  -1.417134   0.299994  -1.117140 
     4760.0000  -1.420308   0.298658  -1.121649 
     4770.0000  -1.418956   0.299112  -1.119844 
     4780.0000  -1.421621   0.305293  -1.116328 
     4790.0000  -1.423145   0.302831  -1.120314 
     4800.0000  -1.414983   0.297782  -1.117202 
     4810.0000  -1.423377   0.300551  -1.122826 
     4820.0000  -1.420303   0.301385  -1.118918 
     4830.0000  -1.416630   0.290379  -1.126250 
     4840.0000  -1.411843   0.292580  -1.119264 
     4850.0000  -1.420108   0.299748  -1.120359 
     4860.0000  -1.417992   0.294831  -1.123161 
     4870.0000  -1.419348   0.296798  -1.122550 
     4880.0000  -1.421987   0.301511  -1.120476 
     4890.0000  -1.424144   0.302803  -1.121340 
     4900.0000  -1.418155   0.296240  -1.121915 
     4910.0000  -1.415147   0.300890  -1.114257 
     4920.0000  -1.424428   0.308428  -1.116000 
     4930.0000  -1.418137   0.300422  -1.117715 
     4940.0000  -1.422013   0.303533  -1.118479 
     4950.0000  -1.410291   0.288892  -1.121399 
     4960.0000  -1.418985   0.291987  -1.126998 
     4970.0000  -1.432177   0.305999  -1.126177 
     4980.0000  -1.418006   0.297142  -1.120864 
     4990.0000  -1.426321   0.304492  -1.121829 
     5000.0000  -1.416079   0.297535  -1.118544 
     5010.0000  -1.416536   0.298950  -1.117587 
     5020.0000  -1.412470   0.294932  -1.117538 
     5030.0000  -1.417423   0.305601  -1.111822 
     5040.0000  -1.414736   0.303571  -1.111164 
     5050.0000  -1.417009   0.304890  -1.112119 
     5060.0000  -1.411570   0.298697  -1.112873 
     5070.0000  -1.406172   0.294854  -1.111319 
     5080.0000  -1.422337   0.306100  -1.116237 
     5090.0000  -1.415740   0.291397  -1.124342 
     5100.0000  -1.431075   0.302541  -1.128534 
     5110.0000  -1.431933   0.304194  -1.127740 
     5120.0000  -1.432626   0.307961  -1.124665 
     5130.0000  -1.425100   0.296487  -1.128612 
     5140.0000  -1.424869   0.297499  -1.127369 
     5150.0000  -1.416991   0.292442  -1.124549 
     5160.0000  -1.414822   0.293616  -1.121205 
     5170.0000  -1.420381   0.298669  -1.121712 
     5180.0000  -1.422295   0.301968  -1.120326 
     5190.0000  -1.415468   0.297381  -1.118087 
     5200.0000  -1.421748   0.301589  -1.120160 
     5210.0000  -1.418680   0.308669  -1.110011 
     5220.0000  -1.413935   0.296400  -1.117536 
     5230.0000  -1.418281   0.296851  -1.121430 
     5240.0000  -1.420991   0.296697  -1.124294 
     5250.0000  -1.414604   0.293378  -1.121226 
     5260.0000  -1.409333   0.290222  -1.119111 
     5270.0000  -1.427418   0.307738  -1.119680 
     5280.0000  -1.415487   0.294203  -1.121285 
     5290.0000  -1.420802   0.298977  -1.121825 
     5300.0000  -1.422650   0.304525  -1.118125 
     5310.0000  -1.425883   0.305332  -1.120551 
     5320.0000  -1.419392   0.296982  -1.122410 
     5330.0000  -1.423785   0.294174  -1.129611 
     5340.0000  -1.434737   0.296931  -1.137806 
     5350.0000  -1.428218   0.295707  -1.132511 
     5360.0000  -1.435791   0.298403  -1.137388 
     5370.0000  -1.430852   0.294355  -1.136497 
     5380.0000  -1.428590   0.282862  -1.145728 
     5390.0000  -1.428431   0.291045  -1.137385 
     5400.0000  -1.428340   0.289273  -1.139067 
     5410.0000  -1.437042   0.295151  -1.141891 
     5420.0000  -1.434464   0.293511  -1.140953 
     5430.0000  -1.433928   0.291138  -1.142790 
     5440.0000  -1.427459   0.284965  -1.142495 
     5450.0000  -1.433051   0.298791  -1.134260 
     5460.0000  -1.419136   0.289626  -1.129511 
     5470.0000  -1.423712   0.301428  -1.122284 
     5480.0000  -1.418920   0.294280  -1.124640 
     5490.0000  -1.420787   0.302618  -1.118169 
     5500.0000  -1.420875   0.310120  -1.110755 
     5510.0000  -1.411314   0.309788  -1.101527 
     5520.0000  -1.408450   0.304188  -1.104262 
     5530.0000  -1.414013   0.310296  -1.103717 
     5540.0000  -1.407470   0.294505  -1.112965 
     5550.0000  -1.411197   0.303283  -1.107914 
     5560.0000  -1.417353   0.307403  -1.109950 
     5570.0000  -1.417968   0.307865  -1.110103 
     5580.0000  -1.405051   0.295337  -1.109713 
     5590.0000  -1.425677   0.313397  -1.112280 
     5600.0000  -1.416409   0.302967  -1.113442 
     5610.0000  -1.419954   0.302562  -1.117392 
     5620.0000  -1.423654   0.300499  -1.123155 
     5630.0000  -1.413630   0.297652  -1.115979 
     5640.0000  -1.416185   0.296063  -1.120123 
     5650.0000  -1.426138   0.309089  -1.117049 
     5660.0000  -1.415767   0.301656  -1.114111 
     5670.0000  -1.414576   0.300008  -1.114568 
     5680.0000  -1.407009   0.298897  -1.108112 
     5690.0000  -1.419659   0.318894  -1.100764 
     5700.0000  -1.403471   0.305512  -1.097960 
     5710.0000  -1.405874   0.303213  -1.102660 
     5720.0000  -1.404629   0.297964  -1.106665 
     5730.0000  -1.414464   0.312743  -1.101721 
     5740.0000  -1.407362   0.306213  -1.101150 
     5750.0000  -1.410818   0.306785  -1.104033 
     5760.0000  -1.405339   0.306282  -1.099057 
     5770.0000  -1.414996   0.308303  -1.106694 
     5780.0000  -1.413616   0.306345  -1.107271 
     5790.0000  -1.418325   0.309243  -1.109082 
     5800.0000  -1.409992   0.301996  -1.107995 
     5810.0000  -1.404155   0.303960  -1.100195 
     5820.0000  -1.402215   0.301195  -1.101020 
     5830.0000  -1.396340   0.298160  -1.098180 
     5840.0000  -1.398141   0.289398  -1.108743 
     5850.0000  -1.421113   0.301186  -1.119927 
     5860.0000  -1.407138   0.292274  -1.114863 
     5870.0000  -1.411876   0.302919  -1.108957 
     5880.0000  -1.408026   0.300625  -1.107401 
     5890.0000  -1.397622   0.295015  -1.102607 
     5900.0000  -1.407642   0.311190  -1.096452 
     5910.0000  -1.402847   0.306151  -1.096696 
     5920.0000  -1.401987   0.297519  -1.104467 
     5930.0000  -1.413130   0.301312  -1.111818 
     5940.0000  -1.408609   0.293520  -1.115089 
     5950.0000  -1.407274   0.296437  -1.110837 
     5960.0000  -1.397239   0.291631  -1.105608 
     5970.0000  -1.391333   0.292306  -1.099027 
     5980.0000  -1.402772   0.303749  -1.099023 
     5990.0000  -1.399647   0.290116  -1.109531 
     6000.0000  -1.399993   0.290650  -1.109342 
     6010.0000  -1.410235   0.302827  -1.107408 
     6020.0000  -1.403031   0.294590  -1.108441 
     6030.0000  -1.404043   0.298527  -1.105516 
     6040.0000  -1.398279   0.294305  -1.103974 
     6050.0000  -1.401024   0.296470  -1.104554 
     6060.0000  -1.409496   0.304255  -1.105241 
     6070.0000  -1.412040   0.309199  -1.102841 
     6080.0000  -1.409004   0.303567  -1.105437 
     6090.0000  -1.405939   0.308898  -1.097041 
     6100.0000  -1.400012   0.306137  -1.093875 
     6110.0000  -1.402011   0.303391  -1.098621 
     6120.0000  -1.409161   0.307382  -1.101779 
     6130.0000  -1.409769   0.307875  -1.101894 
     6140.0000  -1.402299   0.303788  -1.098511 
     6150.0000  -1.403135   0.309551  -1.093584 
     6160.0000  -1.406517   0.306825  -1.099692 
     6170.0000  -1.402157   0.304166  -1.097992 
     6180.0000  -1.400510   0.301434  -1.099077 
     6190.0000  -1.419952   0.313101  -1.106851 
     6200.0000  -1.407680   0.303158  -1.104522 
     6210.0000  -1.411684   0.307695  -1.103989 
     6220.0000  -1.408316   0.308338  -1.099977 
     6230.0000  -1.402346   0.298765  -1.103580 
     6240.0000  -1.404962   0.301583  -1.103379 
     6250.0000  -1.408351   0.312315  -1.096036 
     6260.0000  -1.400069   0.300162  -1.099907 
     6270.0000  -1.413230   0.310943  -1.102287 
     6280.0000  -1.403642   0.309202  -1.094440 
     6290.0000  -1.404882   0.306136  -1.098746 
     6300.0000  -1.401157   0.308346  -1.092811 
     6310.0000  -1.398942   0.304450  -1.094492 
     6320.0000  -1.398916   0.300295  -1.098622 
     6330.0000  -1.399260   0.299440  -1.099820 
     6340.0000  -1.401141   0.305742  -1.095399 
     6350.0000  -1.397172   0.303758  -1.093414 
     6360.0000  -1.405227   0.305109  -1.100117 
     6370.0000  -1.408948   0.296712  -1.112236 
     6380.0000  -1.409190   0.302965  -1.106226 
     6390.0000  -1.399072   0.296274  -1.102798 
     6400.0000  -1.400134   0.299059  -1.101075 
     6410.0000  -1.397098   0.303515  -1.093582 
     6420.0000  -1.398642   0.312215  -1.086427 
     6430.0000  -1.400347   0.306351  -1.093996 
     6440.0000  -1.400583   0.304027  -1.096556 
     6450.0000  -1.393322   0.298095  -1.095227 
     6460.0000  -1.399988   0.305031  -1.094957 
     6470.0000  -1.391495   0.292726  -1.098770 
     6480.0000  -1.408791   0.301430  -1.107360 
     6490.0000  -1.401906   0.292959  -1.108947 
     6500.0000  -1.412488   0.292475  -1.120013 
     6510.0000  -1.412327   0.296491  -1.115836 
     6520.0000  -1.407426   0.299417  -1.108009 
     6530.0000  -1.409220   0.302638  -1.106582 
     6540.0000  -1.413520   0.309638  -1.103881 
     6550.0000  -1.409397   0.301780  -1.107618 
     6560.0000  -1.413761   0.300607  -1.113154 
     6570.0000  -1.414427   0.298834  -1.115593 
     6580.0000  -1.414118   0.299706  -1.114412 
     6590.0000  -1.415547   0.306700  -1.108846 
     6600.0000  -1.408142   0.301722  -1.106420 
     6610.0000  -1.402127   0.297297  -1.104830 
     6620.0000  -1.405829   0.305954  -1.099875 
     6630.0000  -1.403507   0.309982  -1.093525 
     6640.0000  -1.406988   0.314714  -1.092274 
     6650.0000  -1.402451   0.312318  -1.090133 
     6660.0000  -1.405645   0.310469  -1.095177 
     6670.0000  -1.398834   0.301871  -1.096963 
     6680.0000  -1.413486   0.312720  -1.100766 
     6690.0000  -1.409409   0.304965  -1.104444 
     6700.0000  -1.407905   0.296805  -1.111100 
     6710.0000  -1.409054   0.302362  -1.106692 
     6720.0000  -1.406831   0.304426  -1.102405 
     6730.0000  -1.410120   0.304812  -1.105307 
     6740.0000  -1.400787   0.303301  -1.097486 
     6750.0000  -1.405855   0.302471  -1.103384 
     6760.0000  -1.404851   0.298439  -1.106412 
     6770.0000  -1.404519   0.299215  -1.105305 
     6780.0000  -1.412171   0.308917  -1.103255 
     6790.0000  -1.409575   0.305021  -1.104553 
     6800.0000  -1.405895   0.305921  -1.099974 
     6810.0000  -1.399441   0.301197  -1.098244 
     6820.0000  -1.406117   0.305233  -1.100884 
     6830.0000  -1.400892   0.296102  -1.104790 
     6840.0000  -1.397831   0.294290  -1.103541 
     6850.0000  -1.397031   0.296294  -1.100737 
     6860.0000  -1.393741   0.296939  -1.096802 
     6870.0000  -1.408613   0.312310  -1.096303 
     6880.0000  -1.397009   0.301845  -1.095164 
     6890.0000  -1.396977   0.297632  -1.099345 
     6900.0000  -1.400703   0.300426  -1.100277 
     6910.0000  -1.400423   0.303491  -1.096932 
     6920.0000  -1.408307   0.311564  -1.096743 
     6930.0000  -1.402737   0.310578  -1.092160 
     6940.0000  -1.404474   0.311543  -1.092930 
     6950.0000  -1.389752   0.293981  -1.095771 
     6960.0000  -1.389681   0.296263  -1.093417 
     6970.0000  -1.387133   0.294014  -1.093119 
     6980.0000  -1.392104   0.297993  -1.094112 
     6990.0000  -1.406793   0.311498  -1.095294 
     7000.0000  -1.414168   0.312562  -1.101606 
     7010.0000  -1.401691   0.303799  -1.097892 
     7020.0000  -1.414060   0.314047  -1.100013 
     7030.0000  -1.407315   0.305227  -1.102088 
     7040.0000  -1.405699   0.304899  -1.100800 
     7050.0000  -1.401617   0.301230  -1.100387 
     7060.0000  -1.406602   0.305302  -1.101300 
     7070.0000  -1.411157   0.304135  -1.107022 
     7080.0000  -1.391676   0.296264  -1.095412 
     7090.0000  -1.400374   0.301398  -1.098975 
     7100.0000  -1.406215   0.306543  -1.099672 
     7110.0000  -1.406378   0.304964  -1.101414 
     7120.0000  -1.406654   0.303747  -1.102907 
     7130.0000  -1.406795   0.306919  -1.099876 
     7140.0000  -1.398787   0.299112  -1.099675 
     7150.0000  -1.416781   0.311514  -1.105267 
     7160.0000  -1.410860   0.301442  -1.109418 
     7170.0000  -1.404187   0.300062  -1.104125 
     7180.0000  -1.403018   0.300804  -1.102214 
     7190.0000  -1.402329   0.300361  -1.101968 
     7200.0000  -1.414543   0.308739  -1.105803 
     7210.0000  -1.403083   0.296726  -1.106357 
     7220.0000  -1.403683   0.293414  -1.110268 
     7230.0000  -1.404500   0.298604  -1.105896 
     7240.0000  -1.395882   0.293471  -1.102411 
     7250.0000  -1.401971   0.305830  -1.096142 
     7260.0000  -1.402469   0.312292  -1.090178 
     7270.0000  -1.392030   0.302567  -1.089463 
     7280.0000  -1.407006   0.308888  -1.098118 
     7290.0000  -1.398635   0.299471  -1.099164 
     7300.0000  -1.397813   0.297744  -1.100069 
     7310.0000  -1.389280   0.294651  -1.094629 
     7320.0000  -1.400162   0.303401  -1.096762 
     7330.0000  -1.402505   0.305473  -1.097032 
     7340.0000  -1.408672   0.310328  -1.098344 
     7350.0000  -1.399279   0.302764  -1.096516 
     7360.0000  -1.397171   0.304614  -1.092557 
     7370.0000  -1.398711   0.301690  -1.097021 
     7380.0000  -1.402754   0.298757  -1.103997 
     7390.0000  -1.409396   0.308118  -1.101278 
     7400.0000  -1.406120   0.305330  -1.100790 
     7410.0000  -1.410767   0.303238  -1.107530 
     7420.0000  -1.403703   0.298388  -1.105316 
     7430.0000  -1.403516   0.295201  -1.108315 
     7440.0000  -1.409762   0.299695  -1.110067 
     7450.0000  -1.424992   0.311911  -1.113082 
     7460.0000  -1.421029   0.297270  -1.123760 
     7470.0000  -1.423487   0.295008  -1.128480 
     7480.0000  -1.420692   0.292718  -1.127974 
     7490.0000  -1.428214   0.298912  -1.129303 
     7500.0000  -1.420144   0.291007  -1.129137 
     7510.0000  -1.420086   0.291527  -1.128559 
     7520.0000  -1.426526   0.297777  -1.128748 
     7530.0000  -1.423011   0.288937  -1.134074 
     7540.0000  -1.416507   0.287717  -1.128791 
     7550.0000  -1.434500   0.301837  -1.132663 
     7560.0000  -1.420521   0.290429  -1.130092 
     7570.0000  -1.417497   0.294381  -1.123116 
     7580.0000  -1.414214   0.291053  -1.123161 
     7590.0000  -1.425222   0.300262  -1.124960 
     7600.0000  -1.427147   0.300086  -1.127060 
     7610.0000  -1.422701   0.286675  -1.136025 
     7620.0000  -1.432393   0.296649  -1.135745 
     7630.0000  -1.435860   0.299202  -1.136658 
     7640.0000  -1.431653   0.294052  -1.137602 
     7650.0000  -1.445390   0.301487  -1.143903 
     7660.0000  -1.445819   0.297763  -1.148056 
     7670.0000  -1.421429   0.281233  -1.140196 
     7680.0000  -1.436045   0.289311  -1.146733 
     7690.0000  -1.430496   0.294417  -1.136079 
     7700.0000  -1.423903   0.290833  -1.133070 
     7710.0000  -1.423205   0.296542  -1.126663 
     7720.0000  -1.420584   0.292365  -1.128219 
     7730.0000  -1.420915   0.295051  -1.125864 
     7740.0000  -1.414513   0.292460  -1.122054 
     7750.0000  -1.420615   0.299905  -1.120709 
     7760.0000  -1.421351   0.296924  -1.124427 
     7770.0000  -1.425671   0.297171  -1.128501 
     7780.0000  -1.412478   0.295080  -1.117398 
     7790.0000  -1.411858   0.296835  -1.115022 
     7800.0000  -1.420654   0.300446  -1.120207 
     7810.0000  -1.417472   0.297517  -1.119956 
     7820.0000  -1.416541   0.301490  -1.115051 
     7830.0000  -1.413411   0.299124  -1.114287 
     7840.0000  -1.415945   0.303730  -1.112214 
     7850.0000  -1.413136   0.303578  -1.109558 
     7860.0000  -1.400340   0.297856  -1.102483 
     7870.0000  -1.410754   0.305568  -1.105186 
     7880.0000  -1.402234   0.301444  -1.100790 
     7890.0000  -1.410333   0.299463  -1.110870 
     7900.0000  -1.413056   0.311081  -1.101976 
     7910.0000  -1.403948   0.304799  -1.099149 
     7920.0000  -1.408719   0.316709  -1.092010 
     7930.0000  -1.394559   0.301362  -1.093197 
     7940.0000  -1.399162   0.304905  -1.094257 
     7950.0000  -1.400203   0.293863  -1.106340 
     7960.0000  -1.414585   0.307575  -1.107009 
     7970.0000  -1.418296   0.301740  -1.116555 
     7980.0000  -1.424408   0.309996  -1.114412 
     7990.0000  -1.412532   0.293709  -1.118823 
     8000.0000  -1.415187   0.297870  -1.117317 
     8010.0000  -1.424634   0.301435  -1.123199 
     8020.0000  -1.421544   0.295009  -1.126535 
     8030.0000  -1.419919   0.298565  -1.121353 
     8040.0000  -1.422939   0.299839  -1.123099 
     8050.0000  -1.416300   0.293106  -1.123194 
     8060.0000  -1.419606   0.297779  -1.121827 
     8070.0000  -1.414284   0.296984  -1.117300 
     8080.0000  -1.420585   0.303561  -1.117023 
     8090.0000  -1.405910   0.293365  -1.112545 
     8100.0000  -1.405053   0.292146  -1.112907 
     8110.0000  -1.410164   0.303738  -1.106425 
     8120.0000  -1.394199   0.288963  -1.105236 
     8130.0000  -1.403131   0.300705  -1.102426 
     8140.0000  -1.405050   0.300469  -1.104581 
     8150.0000  -1.418051   0.316004  -1.102047 
     8160.0000  -1.413435   0.314171  -1.099264 
     8170.0000  -1.397452   0.299554  -1.097897 
     8180.0000  -1.398941   0.303056  -1.095886 
     8190.0000  -1.397688   0.303389  -1.094298 
     8200.0000  -1.393124   0.302137  -1.090987 
     8210.0000  -1.399376   0.312140  -1.087236 
     8220.0000  -1.398591   0.311956  -1.086635 
     8230.0000  -1.388701   0.305846  -1.082856 
     8240.0000  -1.394825   0.311641  -1.083184 
     8250.0000  -1.405638   0.316245  -1.089393 
     8260.0000  -1.393860   0.305661  -1.088199 
     8270.0000  -1.400667   0.309951  -1.090716 
     8280.0000  -1.394507   0.304084  -1.090422 
     8290.0000  -1.391864   0.305859  -1.086005 
     8300.0000  -1.402311   0.314257  -1.088053 
     8310.0000  -1.407102   0.314934  -1.092169 
     8320.0000  -1.395978   0.299549  -1.096430 
     8330.0000  -1.408143   0.314743  -1.093400 
     8340.0000  -1.408820   0.310381  -1.098439 
     8350.0000  -1.411664   0.310950  -1.100713 
     8360.0000  -1.410130   0.312707  -1.097423 
     8370.0000  -1.399638   0.303243  -1.096395 
     8380.0000  -1.405295   0.309889  -1.095406 
     8390.0000  -1.399944   0.311987  -1.087957 
     8400.0000  -1.395684   0.300962  -1.094722 
     8410.0000  -1.398946   0.298521  -1.100425 
     8420.0000  -1.404826   0.303504  -1.101322 
     8430.0000  -1.397846   0.301084  -1.096762 
     8440.0000  -1.407072   0.304573  -1.102500 
     8450.0000  -1.413650   0.298172  -1.115478 
     8460.0000  -1.413403   0.305045  -1.108357 
     8470.0000  -1.411682   0.307312  -1.104370 
     8480.0000  -1.400089   0.297683  -1.102405 
     8490.0000  -1.395038   0.291761  -1.103277 
     8500.0000  -1.399981   0.294018  -1.105963 
     8510.0000  -1.408510   0.303961  -1.104548 
     8520.0000  -1.402945   0.298021  -1.104924 
     8530.0000  -1.407329   0.301930  -1.105399 
     8540.0000  -1.410818   0.301972  -1.108846 
     8550.0000  -1.404345   0.294203  -1.110142 
     8560.0000  -1.412631   0.294543  -1.118088 
     8570.0000  -1.417372   0.306414  -1.110958 
     8580.0000  -1.414112   0.298650  -1.115463 
     8590.0000  -1.408432   0.296960  -1.111473 
     8600.0000  -1.418427   0.303533  -1.114894 
     8610.0000  -1.415794   0.296511  -1.119283 
     8620.0000  -1.417864   0.303276  -1.114587 
     8630.0000  -1.422503   0.304727  -1.117776 
     8640.0000  -1.420038   0.305614  -1.114424 
     8650.0000  -1.416157   0.302176  -1.113981 
     8660.0000  -1.415098   0.294027  -1.121071 
     8670.0000  -1.414258   0.296882  -1.117377 
     8680.0000  -1.417260   0.297056  -1.120204 
     8690.0000  -1.419806   0.300862  -1.118944 
     8700.0000  -1.417225   0.299209  -1.118016 
     8710.0000  -1.415024   0.296470  -1.118554 
     8720.0000  -1.420009   0.299918  -1.120091 
     8730.0000  -1.418740   0.300326  -1.118414 
     8740.0000  -1.424654   0.304144  -1.120511 
     8750.0000  -1.414886   0.296033  -1.118854 
     8760.0000  -1.422394   0.299594  -1.122799 
     8770.0000  -1.418391   0.298305  -1.120086 
     8780.0000  -1.418881   0.294716  -1.124165 
     8790.0000  -1.416925   0.299699  -1.117227 
     8800.0000  -1.417017   0.301033  -1.115984 
     8810.0000  -1.422147   0.305713  -1.116434 
     8820.0000  -1.422962   0.306178  -1.116785 
     8830.0000  -1.400856   0.288032  -1.112823 
     8840.0000  -1.419104   0.305734  -1.113370 
     8850.0000  -1.402893   0.292759  -1.110134 
     8860.0000  -1.407622   0.304966  -1.102656 
     8870.0000  -1.411697   0.300773  -1.110924 
     8880.0000  -1.401806   0.292654  -1.109152 
     8890.0000  -1.418323   0.302248  -1.116075 
     8900.0000  -1.408205   0.290082  -1.118123 
     8910.0000  -1.421894   0.312902  -1.108992 
     8920.0000  -1.399296   0.294048  -1.105248 
     8930.0000  -1.406185   0.302341  -1.103844 
     8940.0000  -1.409711   0.306687  -1.103024 
     8950.0000  -1.401440   0.301668  -1.099772 
     8960.0000  -1.404759   0.307162  -1.097597 
     8970.0000  -1.407380   0.300728  -1.106652 
     8980.0000  -1.403784   0.298696  -1.105088 
     8990.0000  -1.401210   0.305951  -1.095259 
     9000.0000  -1.405670   0.309078  -1.096592 
     9010.0000  -1.403323   0.303309  -1.100013 
     9020.0000  -1.407085   0.308323  -1.098762 
     9030.0000  -1.409572   0.306694  -1.102878 
     9040.0000  -1.401004   0.298560  -1.102445 
     9050.0000  -1.413602   0.306832  -1.106770 
     9060.0000  -1.410957   0.303896  -1.107061 
     9070.0000  -1.417593   0.302937  -1.114656 
     9080.0000  -1.417330   0.303095  -1.114235 
     9090.0000  -1.412777   0.301682  -1.111095 
     9100.0000  -1.421110   0.305964  -1.115146 
     9110.0000  -1.415275   0.298985  -1.116290 
     9120.0000  -1.412026   0.295082  -1.116944 
     9130.0000  -1.420204   0.307545  -1.112659 
     9140.0000  -1.419362   0.295579  -1.123784 
     9150.0000  -1.416647   0.295578  -1.121070 
     9160.0000  -1.416826   0.287603  -1.129223 
     9170.0000  -1.424188   0.296423  -1.127765 
     9180.0000  -1.417216   0.294755  -1.122461 
     9190.0000  -1.418739   0.298210  -1.120529 
     9200.0000  -1.418007   0.302565  -1.115443 
     9210.0000  -1.408758   0.298202  -1.110557 
     9220.0000  -1.414656   0.301901  -1.112755 
     9230.0000  -1.409940   0.298614  -1.111326 
     9240.0000  -1.418996   0.302027  -1.116969 
     9250.0000  -1.418569   0.298434  -1.120135 
     9260.0000  -1.428171   0.309759  -1.118412 
     9270.0000  -1.425807   0.301251  -1.124556 
     9280.0000  -1.423279   0.298962  -1.124317 
     9290.0000  -1.414706   0.299950  -1.114756 
     9300.0000  -1.417164   0.305354  -1.111810 
     9310.0000  -1.422797   0.308969  -1.113829 
     9320.0000  -1.414033   0.301943  -1.112090 
     9330.0000  -1.406873   0.301361  -1.105512 
     9340.0000  -1.401874   0.296154  -1.105720 
     9350.0000  -1.417366   0.310182  -1.107183 
     9360.0000  -1.408241   0.304233  -1.104008 
     9370.0000  -1.414930   0.306378  -1.108551 
     9380.0000  -1.406466   0.300415  -1.106051 
     9390.0000  -1.394404   0.286417  -1.107987 
     9400.0000  -1.415208   0.308139  -1.107069 
     9410.0000  -1.420063   0.312304  -1.107759 
     9420.0000  -1.410747   0.302503  -1.108244 
     9430.0000  -1.413110   0.298581  -1.114529 
     9440.0000  -1.414129   0.302052  -1.112077 
     9450.0000  -1.410883   0.302512  -1.108371 
     9460.0000  -1.417178   0.303449  -1.113728 
     9470.0000  -1.409552   0.299313  -1.110239 
     9480.0000  -1.407458   0.294645  -1.112814 
     9490.0000  -1.414829   0.300855  -1.113974 
     9500.0000  -1.409954   0.296910  -1.113043 
     9510.0000  -1.422961   0.303774  -1.119187 
     9520.0000  -1.412112   0.286917  -1.125195 
     9530.0000  -1.418325   0.298615  -1.119711 
     9540.0000  -1.418850   0.299991  -1.118859 
     9550.0000  -1.425487   0.299082  -1.126405 
     9560.0000  -1.426332   0.300220  -1.126112 
     9570.0000  -1.423959   0.293370  -1.130589 
     9580.0000  -1.422834   0.293236  -1.129598 
     9590.0000  -1.427791   0.299516  -1.128275 
     9600.0000  -1.420162   0.296984  -1.123178 
     9610.0000  -1.420187   0.302164  -1.118023 
     9620.0000  -1.416803   0.296245  -1.120559 
     9630.0000  -1.421538   0.299761  -1.121777 
     9640.0000  -1.421646   0.296736  -1.124910 
     9650.0000  -1.415155   0.294922  -1.120233 
     9660.0000  -1.417260   0.292953  -1.124307 
     9670.0000  -1.419981   0.301590  -1.118391 
     9680.0000  -1.412199   0.296301  -1.115898 
     9690.0000  -1.408783   0.296668  -1.112115 
     9700.0000  -1.411153   0.299064  -1.112088 
     9710.0000  -1.426321   0.303384  -1.122937 
     9720.0000  -1.413802   0.301265  -1.112536 
     9730.0000  -1.419453   0.300228  -1.119225 
     9740.0000  -1.419233   0.299381  -1.119852 
     9750.0000  -1.414259   0.294428  -1.119831 
     9760.0000  -1.412784   0.296923  -1.115861 
     9770.0000  -1.408019   0.297062  -1.110957 
     9780.0000  -1.405579   0.300622  -1.104957 
     9790.0000  -1.408338   0.305201  -1.103137 
     9800.0000  -1.414161   0.311506  -1.102655 
     9810.0000  -1.412658   0.302454  -1.110203 
     9820.0000  -1.406925   0.292297  -1.114628 
     9830.0000  -1.411450   0.296340  -1.115110 
     9840.0000  -1.421917   0.301708  -1.120210 
     9850.0000  -1.414839   0.294796  -1.120043 
     9860.0000  -1.418605   0.305813  -1.112792 
     9870.0000  -1.410369   0.295649  -1.114720 
     9880.0000  -1.410710   0.297631  -1.113078 
     9890.0000  -1.409882   0.296975  -1.112907 
     9900.0000  -1.410205   0.299091  -1.111114 
     9910.0000  -1.401028   0.288839  -1.112189 
     9920.0000  -1.413699   0.301150  -1.112549 
     9930.0000  -1.412219   0.299735  -1.112485 
     9940.0000  -1.395011   0.290061  -1.104950 
     9950.0000  -1.406291   0.307018  -1.099273 
     9960.0000  -1.410180   0.308479  -1.101701 
     9970.0000  -1.402366   0.303458  -1.098908 
     9980.0000  -1.400402   0.301414  -1.098988 
     9990.0000  -1.405260   0.304197  -1.101064 
    10000.0000  -1.406479   0.304360  -1.102119 
