516-413	
29.74	
27.71	
32.08	
25.65	
27.08	
30.39	
21.65	
37.82	
35.47	
55.17	
59.15	
62.54	
62.85	
71.07	
69.11	
64.43	
72.38	
68.22	
70.77	
63.29	
64.42	
75.68	
79.21	
64.10	
55.97	
42.68	
41.04	
38.28	
33.12	
37.65	
43.93	
59.71	
55.24	
55.76	
62.96	
70.70	
62.09	
76.24	
86.72	
80.94	
79.72	
76.28	
75.24	
83.31	
83.53	
84.70	
83.53	
91.46	
84.83	
88.52	
72.33	
65.34	
62.65	
73.42	
76.26	
74.78	
78.40	
77.34	
73.88	
73.61	
77.97	
71.65	
70.77	
78.88	
69.06	
63.83	
72.01	
68.75	
69.95	
79.92	
72.14	
75.90	
75.36	
77.51	
77.99	
73.67	
71.84	
64.11	
69.07	
65.94	
70.32	
58.14	
67.72	
70.70	
74.19	
57.00	
65.39	
73.18	
68.38	
71.76	
69.44	
71.89	
72.26	
80.67	
73.25	
60.14	
66.30	
61.72	
67.57	
53.70	
42.24	
37.72	
33.57	
19.50	
32.03	
13.18	
30.35	
38.00	
42.65	
38.11	
32.70	
23.32	
25.36	
31.44	
30.37	
27.79	
12.94	
11.65	
23.38	
16.34	
28.55	
48.73	
30.83	
47.20	
50.22	
48.04	
36.41	
52.05	
42.61	
51.94	
66.68	
73.61	
65.46	
77.26	
72.11	
75.39	
76.66	
89.13	
81.33	
83.47	
86.71	
85.70	
72.93	
71.27	
90.06	
76.21	
86.88	
95.10	
95.86	
97.93	
96.03	
95.87	
98.74	
83.55	
84.32	
85.31	
90.10	
86.32	
94.58	
84.12	
73.90	
77.44	
75.88	
74.70	
82.09	
98.04	
86.39	
81.95	
74.40	
64.12	
52.82	
45.52	
53.92	
56.95	
56.95	
63.49	
57.89	
69.93	
65.06	
61.46	
66.28	
60.41	
56.53	
55.93	
63.29	
46.40	
48.21	
58.59	
58.20	
66.57	
75.16	
70.71	
71.75	
64.02	
68.11	
65.74	
61.83	
58.34	
60.19	
59.89	
60.78	
55.77	
44.12	
44.80	
39.84	
42.88	
46.55	
58.26	
48.55	
54.57	
61.85	
57.74	
71.65	
72.06	
63.18	
49.11	
57.17	
66.02	
57.96	
51.41	
61.92	
65.13	
70.02	
71.88	
69.54	
68.66	
70.04	
65.36	
63.44	
73.87	
66.57	
67.80	
73.30	
78.98	
86.53	
81.47	
81.89	
82.55	
81.05	
84.26	
82.07	
64.69	
49.22	
56.62	
41.83	
41.68	
50.71	
44.48	
45.19	
49.70	
53.70	
44.16	
46.56	
58.52	
46.98	
50.47	
43.35	
55.44	
65.67	
54.64	
62.50	
72.43	
70.68	
68.65	
66.70	
65.23	
57.62	
60.02	
61.81	
58.16	
62.20	
61.48	
59.66	
47.61	
44.14	
63.05	
67.82	
73.77	
71.40	
78.78	
72.27	
75.85	
75.90	
71.44	
81.19	
86.10	
79.43	
77.58	
82.70	
78.02	
79.13	
65.87	
71.90	
71.45	
70.52	
69.19	
83.65	
81.40	
71.37	
70.58	
75.57	
80.96	
68.60	
80.31	
70.03	
62.42	
53.72	
66.44	
61.26	
64.35	
79.13	
72.81	
58.46	
64.63	
73.12	
66.46	
79.89	
73.26	
74.84	
75.68	
77.74	
66.98	
78.32	
70.95	
73.05	
74.88	
72.12	
63.39	
64.39	
67.19	
66.85	
65.70	
56.22	
64.09	
61.97	
68.67	
62.15	
55.64	
57.96	
56.99	
59.31	
55.53	
60.15	
63.13	
65.97	
58.90	
63.41	
51.52	
49.98	
58.08	
56.37	
45.17	
55.79	
59.97	
58.36	
57.34	
62.07	
49.14	
51.38	
53.37	
63.01	
69.58	
67.91	
67.41	
65.27	
42.89	
54.31	
57.59	
51.90	
39.05	
44.09	
38.57	
26.44	
26.46	
22.69	
36.32	
47.73	
52.94	
56.34	
47.62	
20.69	
25.46	
28.49	
31.05	
49.34	
43.61	
41.04	
26.13	
17.35	
30.21	
22.52	
25.17	
16.13	
17.35	
25.86	
30.76	
45.01	
43.86	
33.37	
32.85	
14.90	
10.95	
27.13	
20.29	
20.44	
17.05	
24.00	
19.67	
27.34	
26.70	
31.44	
35.37	
20.77	
18.95	
23.92	
16.62	
14.74	
8.77	
23.29	
27.22	
31.17	
27.55	
30.78	
21.13	
40.40	
24.74	
27.00	
40.40	
36.66	
63.38	
56.07	
55.46	
65.00	
55.54	
60.95	
58.30	
60.20	
59.51	
62.27	
59.35	
60.56	
50.65	
62.35	
57.53	
66.05	
61.37	
59.37	
59.31	
64.73	
62.92	
57.30	
70.50	
77.64	
67.07	
65.15	
59.58	
52.35	
38.55	
38.42	
41.43	
41.64	
47.58	
43.70	
34.67	
45.63	
37.25	
43.78	
49.77	
58.68	
57.49	
40.13	
54.90	
43.53	
51.06	
45.55	
39.54	
38.44	
38.71	
55.47	
57.21	
46.73	
43.25	
36.70	
29.62	
25.09	
27.10	
30.81	
45.05	
63.05	
71.81	
70.67	
74.96	
81.55	
83.86	
69.78	
59.71	
68.66	
59.24	
43.44	
57.16	
52.55	
45.36	
47.08	
41.26	
37.17	
48.97	
41.86	
31.57	
42.90	
54.92	
62.42	
55.68	
57.41	
50.10	
67.31	
70.30	
74.69	
71.91	
44.01	
52.07	
59.11	
53.83	
33.73	
41.18	
24.47	
38.28	
36.64	
45.71	
38.42	
25.09	
33.31	
34.72	
34.06	
37.41	
37.82	
29.24	
36.03	
32.84	
37.91	
31.48	
31.83	
36.92	
35.59	
33.84	
48.56	
60.29	
58.07	
69.06	
68.98	
59.77	
59.43	
61.64	
42.25	
43.94	
47.15	
49.83	
39.07	
45.66	
40.23	
41.45	
34.99	
30.03	
30.69	
38.50	
53.62	
54.75	
68.18	
60.44	
68.56	
69.99	
57.78	
65.67	
51.08	
57.78	
40.05	
33.13	
27.98	
30.21	
42.60	
38.74	
35.68	
37.53	
43.66	
63.15	
59.82	
53.18	
61.30	
68.42	
62.79	
58.37	
51.44	
44.80	
67.58	
50.30	
68.47	
61.01	
62.36	
50.58	
61.05	
64.91	
63.57	
57.25	
52.75	
34.32	
31.15	
36.29	
21.07	
24.71	
23.15	
30.10	
39.41	
33.44	
32.95	
43.11	
36.41	
38.02	
38.95	
34.10	
48.40	
47.91	
51.65	
50.96	
60.79	
58.75	
59.80	
60.60	
51.38	
58.13	
58.13	
58.96	
60.66	
53.63	
61.02	
53.42	
51.27	
56.77	
52.81	
43.59	
46.85	
60.40	
61.45	
59.72	
55.14	
44.64	
50.99	
54.64	
57.42	
53.23	
50.35	
52.98	
58.52	
67.41	
71.79	
59.35	
63.26	
64.37	
61.03	
69.22	
65.92	
67.76	
73.30	
79.58	
75.85	
79.59	
61.79	
59.79	
74.00	
51.59	
71.87	
70.60	
72.48	
78.62	
71.88	
75.46	
76.89	
90.65	
87.17	
80.50	
94.96	
80.95	
86.79	
93.51	
99.47	
101.07	
97.49	
96.69	
93.22	
92.66	
88.20	
87.02	
89.01	
96.36	
90.18	
91.76	
98.90	
95.19	
92.40	
96.18	
96.63	
78.65	
75.93	
87.85	
85.28	
90.02	
91.74	
87.65	
87.03	
74.72	
81.82	
76.43	
73.79	
59.55	
51.64	
65.56	
65.35	
59.63	
61.08	
58.14	
61.57	
63.36	
64.94	
65.88	
76.51	
66.53	
66.33	
72.32	
67.87	
53.51	
59.05	
51.02	
38.40	
55.83	
47.08	
38.18	
25.14	
35.20	
37.62	
50.78	
56.58	
62.16	
83.75	
82.86	
78.51	
71.87	
83.54	
83.67	
85.94	
87.90	
87.54	
90.31	
92.98	
95.59	
92.24	
93.30	
95.08	
90.03	
79.02	
87.41	
88.54	
78.63	
84.33	
93.18	
84.95	
84.99	
82.09	
83.94	
85.80	
75.61	
65.37	
66.55	
70.44	
64.30	
64.56	
62.71	
63.75	
66.38	
44.41	
52.64	
57.12	
49.93	
59.68	
67.59	
66.84	
64.97	
72.38	
68.32	
71.46	
76.11	
71.95	
79.46	
76.11	
77.49	
68.96	
84.45	
82.05	
86.75	
72.09	
82.69	
85.93	
66.37	
65.15	
78.20	
78.89	
75.32	
73.70	
68.64	
66.80	
59.89	
60.47	
49.57	
62.64	
62.85	
57.70	
73.98	
63.23	
63.62	
48.84	
40.25	
48.05	
47.27	
48.59	
66.83	
87.16	
83.12	
80.47	
71.82	
70.07	
69.95	
79.77	
70.41	
64.40	
60.77	
59.56	
54.96	
61.35	
56.77	
55.82	
52.14	
48.64	
48.40	
60.83	
48.80	
41.24	
59.17	
69.43	
59.68	
69.54	
52.78	
58.62	
86.21	
86.21	
90.68	
75.87	
80.79	
77.88	
79.64	
74.85	
78.19	
62.88	
59.66	
53.54	
56.13	
38.62	
48.65	
55.21	
52.97	
54.64	
49.17	
54.53	
48.90	
55.98	
54.42	
65.07	
65.15	
74.77	
69.54	
70.41	
73.44	
72.45	
78.26	
80.77	
68.71	
68.36	
68.61	
65.33	
74.10	
74.62	
75.41	
63.18	
58.33	
43.30	
52.50	
56.58	
48.40	
49.30	
37.05	
47.68	
42.73	
40.22	
29.93	
30.87	
47.49	
39.43	
34.04	
50.60	
43.87	
49.20	
38.83	
46.08	
64.67	
69.50	
69.26	
68.59	
87.23	
85.61	
78.56	
69.15	
53.81	
56.94	
59.97	
58.82	
55.74	
55.27	
52.83	
63.40	
63.70	
73.16	
65.87	
59.44	
63.75	
58.00	
62.44	
66.03	
61.99	
60.16	
54.63	
55.83	
59.71	
61.37	
61.19	
48.22	
62.46	
55.54	
61.88	
49.63	
64.39	
58.32	
64.95	
67.74	
68.86	
63.91	
63.71	
50.79	
42.38	
49.16	
55.14	
46.33	
45.17	
45.12	
32.19	
32.23	
24.00	
35.52	
35.32	
41.63	
31.76	
21.91	
27.91	
33.08	
31.16	
34.33	
32.71	
48.28	
60.56	
58.73	
55.41	
31.60	
41.28	
44.45	
34.39	
46.59	
48.97	
49.75	
48.76	
48.29	
47.39	
59.00	
50.52	
71.38	
61.70	
71.61	
75.48	
71.25	
67.81	
65.01	
62.01	
67.58	
68.12	
65.32	
65.07	
63.26	
79.59	
75.00	
83.70	
79.52	
69.96	
75.46	
62.18	
64.98	
55.44	
44.06	
47.40	
38.30	
60.71	
54.65	
60.59	
69.96	
69.19	
75.07	
76.16	
72.07	
60.71	
56.69	
49.23	
51.91	
59.96	
42.68	
57.09	
48.97	
51.35	
63.48	
51.38	
65.88	
69.75	
61.05	
60.54	
72.14	
65.77	
49.83	
52.77	
58.29	
46.36	
50.68	
60.32	
72.07	
81.79	
81.76	
76.81	
87.07	
65.54	
77.06	
65.91	
69.56	
74.11	
71.39	
80.17	
79.70	
78.07	
76.74	
72.91	
69.47	
75.67	
69.78	
71.21	
73.56	
68.61	
69.35	
75.97	
72.91	
72.97	
64.31	
63.77	
57.94	
60.61	
46.11	
55.49	
66.17	
79.53	
77.10	
79.09	
86.66	
72.23	
62.95	
51.87	
52.37	
42.46	
43.45	
31.72	
40.41	
38.53	
31.19	
38.67	
29.69	
42.01	
44.34	
52.79	
49.44	
54.99	
72.18	
70.15	
73.51	
69.20	
48.34	
49.58	
50.82	
56.97	
53.60	
67.41	
68.93	
76.33	
72.49	
72.64	
79.38	
73.62	
68.71	
59.37	
54.65	
52.66	
56.26	
68.90	
64.13	
61.77	
54.90	
51.77	
62.39	
60.43	
47.87	
63.73	
65.03	
60.53	
71.30	
70.25	
49.37	
47.72	
41.66	
49.95	
53.38	
65.35	
73.43	
76.76	
76.95	
74.68	
81.07	
68.66	
65.45	
61.95	
67.41	
60.71	
64.46	
65.90	
63.18	
59.73	
59.71	
63.73	
56.57	
49.45	
30.94	
45.00	
62.67	
60.88	
58.06	
63.08	
69.79	
80.43	
86.82	
67.94	
74.88	
71.29	
73.07	
53.68	
44.97	
44.02	
37.10	
39.28	
50.29	
44.89	
32.97	
46.82	
41.64	
59.42	
61.28	
72.86	
75.22	
78.84	
80.77	
72.46	
82.70	
88.40	
86.24	
76.79	
74.65	
74.03	
79.82	
81.59	
62.27	
88.16	
81.28	
82.59	
86.06	
85.16	
77.47	
81.83	
69.57	
57.45	
69.08	
59.69	
72.05	
70.36	
67.81	
65.53	
61.54	
68.53	
51.19	
55.73	
53.40	
52.27	
49.85	
58.71	
49.61	
54.24	
37.41	
32.63	
36.74	
39.58	
39.88	
53.04	
63.54	
51.14	
58.50	
57.35	
51.27	
47.59	
65.60	
53.36	
43.59	
44.38	
56.62	
51.66	
63.56	
66.29	
55.32	
59.74	
57.48	
57.62	
60.62	
67.30	
81.20	
87.10	
87.40	
80.81	
81.31	
83.39	
80.52	
67.17	
81.00	
82.90	
67.24	
61.91	
63.33	
64.06	
66.26	
66.69	
81.74	
75.31	
76.75	
82.46	
54.44	
67.65	
63.96	
61.26	
58.69	
76.54	
63.28	
68.02	
65.63	
62.20	
58.41	
68.32	
81.81	
61.32	
67.16	
65.43	
71.90	
84.27	
76.55	
85.63	
81.41	
73.38	
71.49	
70.15	
66.88	
75.74	
74.02	
78.84	
75.87	
70.69	
76.92	
77.64	
74.93	
77.92	
85.16	
80.31	
84.32	
71.40	
70.15	
63.95	
66.10	
65.74	
68.59	
65.19	
70.55	
65.38	
59.11	
57.55	
60.34	
61.83	
68.68	
72.60	
63.53	
62.19	
65.39	
53.33	
51.45	
65.66	
70.23	
53.53	
46.47	
33.42	
30.23	
32.51	
36.37	
46.03	
37.21	
32.07	
38.78	
31.33	
34.64	
34.86	
41.31	
30.50	
37.80	
41.47	
47.09	
44.05	
34.62	
29.81	
33.02	
34.50	
32.88	
37.53	
34.21	
45.63	
38.87	
41.53	
51.68	
50.05	
46.78	
46.85	
62.44	
58.76	
64.46	
63.50	
63.88	
66.91	
75.37	
68.03	
58.68	
49.81	
63.30	
66.37	
66.81	
64.69	
66.63	
59.99	
69.80	
78.15	
70.13	
69.72	
69.79	
72.84	
59.97	
42.34	
47.38	
31.07	
38.04	
26.67	
23.88	
23.14	
35.81	
39.06	
37.37	
48.10	
52.38	
53.90	
64.74	
54.51	
50.40	
57.70	
44.88	
45.89	
53.77	
46.95	
40.58	
60.46	
55.59	
48.30	
34.50	
40.76	
37.44	
39.63	
36.88	
45.88	
35.65	
48.78	
53.14	
55.95	
50.31	
49.86	
49.63	
47.41	
36.38	
41.23	
36.59	
25.86	
27.44	
13.89	
28.11	
16.02	
15.35	
28.38	
35.82	
32.32	
35.11	
36.19	
37.19	
29.71	
38.52	
42.53	
57.80	
51.11	
35.50	
42.94	
27.25	
28.71	
50.05	
42.20	
42.13	
39.13	
44.08	
56.76	
47.19	
46.87	
44.80	
35.36	
35.57	
30.77	
35.56	
46.52	
42.68	
47.39	
46.80	
34.99	
31.71	
25.59	
36.37	
36.70	
52.44	
41.14	
55.45	
41.91	
51.78	
44.78	
43.65	
52.55	
52.01	
55.45	
59.34	
58.21	
70.35	
75.29	
75.04	
66.22	
65.91	
74.91	
84.45	
74.89	
79.90	
81.82	
70.47	
64.37	
64.32	
57.84	
56.43	
48.43	
39.65	
29.25	
24.02	
30.12	
27.05	
21.74	
34.84	
34.66	
21.98	
35.19	
43.26	
26.61	
28.43	
35.96	
32.05	
33.51	
61.68	
50.12	
40.69	
39.72	
48.67	
63.12	
61.24	
61.01	
54.73	
55.82	
58.76	
63.43	
57.35	
63.62	
67.11	
55.75	
53.62	
60.98	
64.47	
46.41	
45.50	
43.91	
42.70	
61.64	
49.92	
35.05	
28.29	
31.56	
44.49	
40.75	
34.94	
35.16	
19.66	
19.06	
7.68	
19.51	
23.63	
15.90	
12.12	
34.76	
32.83	
27.74	
24.84	
19.35	
24.48	
24.20	
28.39	
32.90	
31.09	
11.93	
24.89	
30.34	
34.57	
34.49	
42.26	
34.50	
38.80	
32.96	
26.77	
29.13	
28.23	
38.30	
35.83	
31.17	
48.59	
24.43	
21.84	
20.90	
31.69	
16.97	
17.48	
15.89	
34.53	
27.73	
30.28	
34.17	
41.25	
41.78	
42.22	
46.71	
45.74	
60.33	
59.36	
57.50	
67.74	
64.14	
58.03	
54.52	
58.16	
68.06	
81.33	
78.32	
77.94	
82.14	
88.19	
82.86	
81.33	
74.08	
73.38	
82.24	
72.90	
80.66	
79.14	
88.08	
93.50	
93.24	
96.15	
95.32	
83.87	
89.57	
96.92	
90.85	
85.71	
90.89	
87.07	
79.05	
85.52	
86.79	
87.92	
88.65	
88.10	
78.13	
83.56	
79.76	
73.93	
85.91	
77.15	
77.90	
81.15	
75.77	
82.34	
86.52	
84.78	
79.62	
85.83	
89.84	
72.43	
76.80	
77.49	
77.19	
79.28	
67.49	
70.57	
77.99	
89.61	
77.93	
77.84	
84.80	
83.13	
82.61	
71.78	
74.15	
63.10	
69.22	
77.85	
71.67	
73.91	
69.91	
79.23	
72.61	
59.98	
61.90	
55.03	
65.51	
68.38	
67.21	
67.18	
60.69	
59.56	
59.92	
60.69	
47.30	
55.01	
51.46	
57.86	
59.83	
64.41	
59.87	
61.24	
69.96	
75.16	
74.08	
77.38	
84.48	
78.44	
81.20	
71.13	
69.82	
50.64	
33.95	
22.00	
27.13	
39.22	
30.70	
37.75	
44.90	
39.21	
29.37	
35.33	
34.83	
26.19	
25.95	
30.23	
24.40	
42.23	
43.38	
37.33	
37.56	
18.54	
26.39	
36.50	
38.60	
35.66	
47.10	
27.44	
29.54	
40.15	
36.13	
28.38	
18.99	
27.19	
24.16	
33.83	
35.11	
31.69	
39.59	
23.64	
28.19	
33.27	
38.92	
37.82	
30.96	
32.67	
52.12	
33.88	
42.19	
31.69	
31.29	
18.76	
10.96	
13.03	
27.59	
23.11	
16.54	
18.56	
25.00	
41.57	
35.96	
25.58	
30.51	
35.45	
65.07	
63.69	
76.96	
67.76	
85.95	
86.05	
85.84	
84.31	
86.69	
87.87	
90.66	
89.69	
86.68	
83.99	
85.59	
80.58	
75.03	
67.31	
76.20	
74.89	
79.75	
77.05	
76.02	
79.14	
74.81	
86.27	
81.22	
94.47	
92.67	
97.24	
89.56	
91.07	
87.08	
78.99	
87.91	
74.96	
77.16	
86.02	
71.14	
66.03	
63.06	
61.96	
61.51	
65.74	
59.68	
65.21	
63.35	
43.87	
48.21	
54.54	
54.99	
62.41	
71.28	
78.87	
80.14	
71.53	
71.26	
61.36	
53.14	
48.80	
64.01	
55.56	
52.57	
47.25	
59.15	
58.14	
63.30	
63.38	
55.31	
51.22	
58.50	
56.38	
54.07	
67.55	
57.48	
62.39	
62.84	
62.51	
62.78	
63.80	
51.15	
58.53	
73.11	
69.73	
62.46	
66.34	
60.23	
68.41	
71.48	
70.86	
76.42	
76.66	
82.31	
81.45	
75.57	
60.36	
59.34	
53.96	
58.28	
54.31	
59.02	
64.60	
72.94	
73.43	
62.98	
71.77	
78.57	
73.93	
83.54	
76.44	
70.12	
64.78	
52.32	
46.80	
47.16	
45.82	
53.73	
48.19	
37.71	
36.98	
47.17	
39.63	
33.93	
34.71	
53.51	
40.45	
42.28	
38.28	
31.69	
27.19	
25.77	
26.90	
29.79	
19.16	
26.99	
44.21	
33.49	
45.78	
35.21	
60.40	
45.24	
43.60	
70.57	
65.16	
65.26	
62.08	
66.66	
62.50	
53.88	
49.92	
51.25	
57.42	
58.98	
66.76	
68.86	
71.08	
60.52	
69.22	
75.44	
85.00	
91.88	
85.12	
82.59	
87.86	
96.26	
88.99	
88.45	
98.85	
96.22	
100.62	
99.04	
99.58	
96.05	
88.49	
91.61	
87.69	
81.87	
80.29	
85.56	
93.80	
84.55	
80.17	
90.65	
88.72	
81.58	
82.60	
80.56	
87.35	
84.83	
88.58	
87.43	
80.55	
76.58	
86.28	
91.22	
94.07	
90.34	
84.79	
82.04	
76.66	
70.60	
71.98	
68.51	
57.47	
57.67	
54.92	
49.82	
49.76	
52.09	
52.80	
48.49	
52.43	
59.01	
58.15	
64.11	
51.33	
46.27	
44.27	
55.49	
53.59	
58.67	
42.09	
47.17	
45.68	
54.94	
40.67	
57.59	
57.55	
45.59	
44.29	
51.55	
54.27	
61.75	
71.43	
70.67	
61.08	
49.05	
51.75	
62.89	
