        0.0000  -1.403249   0.285327  -1.117922 
       10.0000  -1.410924   0.292565  -1.118359 
       20.0000  -1.421493   0.309757  -1.111736 
       30.0000  -1.410864   0.300428  -1.110436 
       40.0000  -1.408433   0.301395  -1.107039 
       50.0000  -1.408075   0.306737  -1.101338 
       60.0000  -1.408175   0.308311  -1.099864 
       70.0000  -1.410031   0.315098  -1.094933 
       80.0000  -1.403975   0.305651  -1.098325 
       90.0000  -1.406732   0.308142  -1.098590 
      100.0000  -1.405817   0.309741  -1.096076 
      110.0000  -1.410869   0.312036  -1.098833 
      120.0000  -1.404603   0.305388  -1.099214 
      130.0000  -1.405501   0.302330  -1.103171 
      140.0000  -1.401030   0.306251  -1.094779 
      150.0000  -1.401876   0.310410  -1.091465 
      160.0000  -1.406448   0.312719  -1.093729 
      170.0000  -1.394604   0.299522  -1.095081 
      180.0000  -1.407295   0.302781  -1.104514 
      190.0000  -1.416944   0.312673  -1.104271 
      200.0000  -1.402207   0.295969  -1.106238 
      210.0000  -1.409478   0.305148  -1.104330 
      220.0000  -1.411518   0.306440  -1.105078 
      230.0000  -1.416502   0.309000  -1.107502 
      240.0000  -1.407970   0.308947  -1.099023 
      250.0000  -1.399154   0.298440  -1.100714 
      260.0000  -1.405412   0.294755  -1.110658 
      270.0000  -1.411993   0.299331  -1.112661 
      280.0000  -1.411264   0.297608  -1.113655 
      290.0000  -1.400129   0.284872  -1.115258 
      300.0000  -1.411780   0.295275  -1.116505 
      310.0000  -1.423245   0.307489  -1.115756 
      320.0000  -1.405458   0.292737  -1.112721 
      330.0000  -1.414565   0.297916  -1.116649 
      340.0000  -1.410965   0.297406  -1.113559 
      350.0000  -1.411685   0.300596  -1.111090 
      360.0000  -1.419362   0.299161  -1.120201 
      370.0000  -1.425282   0.302239  -1.123043 
      380.0000  -1.418931   0.301710  -1.117221 
      390.0000  -1.413544   0.299762  -1.113783 
      400.0000  -1.423883   0.309149  -1.114734 
      410.0000  -1.418265   0.301886  -1.116379 
      420.0000  -1.415441   0.299938  -1.115503 
      430.0000  -1.419809   0.308354  -1.111455 
      440.0000  -1.421657   0.304131  -1.117526 
      450.0000  -1.426069   0.305167  -1.120901 
      460.0000  -1.421070   0.299751  -1.121319 
      470.0000  -1.420142   0.299994  -1.120148 
      480.0000  -1.417013   0.292285  -1.124727 
      490.0000  -1.422140   0.296964  -1.125177 
      500.0000  -1.416638   0.290612  -1.126026 
      510.0000  -1.407619   0.287520  -1.120099 
      520.0000  -1.417193   0.293416  -1.123776 
      530.0000  -1.422020   0.293939  -1.128081 
      540.0000  -1.421436   0.297269  -1.124167 
      550.0000  -1.424891   0.297873  -1.127018 
      560.0000  -1.427038   0.301974  -1.125063 
      570.0000  -1.413666   0.292511  -1.121154 
      580.0000  -1.426025   0.300076  -1.125949 
      590.0000  -1.418434   0.294983  -1.123451 
      600.0000  -1.422497   0.292531  -1.129966 
      610.0000  -1.419849   0.284136  -1.135713 
      620.0000  -1.429471   0.292552  -1.136918 
      630.0000  -1.427893   0.292692  -1.135200 
      640.0000  -1.421200   0.285035  -1.136165 
      650.0000  -1.426638   0.289796  -1.136843 
      660.0000  -1.421366   0.283287  -1.138079 
      670.0000  -1.439938   0.300992  -1.138946 
      680.0000  -1.425570   0.293951  -1.131619 
      690.0000  -1.430169   0.291989  -1.138180 
      700.0000  -1.433303   0.291894  -1.141409 
      710.0000  -1.435309   0.296558  -1.138751 
      720.0000  -1.426122   0.291040  -1.135081 
      730.0000  -1.425515   0.294526  -1.130988 
      740.0000  -1.424766   0.302864  -1.121902 
      750.0000  -1.425802   0.293904  -1.131898 
      760.0000  -1.424513   0.294168  -1.130346 
      770.0000  -1.429478   0.297113  -1.132366 
      780.0000  -1.416799   0.298844  -1.117955 
      790.0000  -1.418045   0.290527  -1.127519 
      800.0000  -1.423694   0.302715  -1.120980 
      810.0000  -1.424448   0.298528  -1.125920 
      820.0000  -1.420230   0.301840  -1.118390 
      830.0000  -1.418175   0.298507  -1.119667 
      840.0000  -1.417135   0.298549  -1.118587 
      850.0000  -1.422269   0.299407  -1.122862 
      860.0000  -1.415957   0.298310  -1.117646 
      870.0000  -1.409673   0.297979  -1.111694 
      880.0000  -1.412559   0.300559  -1.112000 
      890.0000  -1.413769   0.297924  -1.115845 
      900.0000  -1.412084   0.291017  -1.121068 
      910.0000  -1.412193   0.288365  -1.123828 
      920.0000  -1.435642   0.312458  -1.123184 
      930.0000  -1.421723   0.301695  -1.120028 
      940.0000  -1.407805   0.296389  -1.111416 
      950.0000  -1.407246   0.298306  -1.108940 
      960.0000  -1.416210   0.312249  -1.103960 
      970.0000  -1.410850   0.306086  -1.104764 
      980.0000  -1.403017   0.292025  -1.110992 
      990.0000  -1.413533   0.306429  -1.107104 
     1000.0000  -1.395545   0.292209  -1.103336 
     1010.0000  -1.400165   0.300089  -1.100077 
     1020.0000  -1.409920   0.315709  -1.094211 
     1030.0000  -1.402646   0.301441  -1.101205 
     1040.0000  -1.408204   0.300681  -1.107523 
     1050.0000  -1.408123   0.300351  -1.107772 
     1060.0000  -1.401525   0.297446  -1.104079 
     1070.0000  -1.406665   0.302337  -1.104328 
     1080.0000  -1.397820   0.302558  -1.095262 
     1090.0000  -1.393124   0.300286  -1.092838 
     1100.0000  -1.401048   0.306959  -1.094089 
     1110.0000  -1.403033   0.316494  -1.086539 
     1120.0000  -1.395749   0.307303  -1.088446 
     1130.0000  -1.411742   0.317012  -1.094731 
     1140.0000  -1.403468   0.308676  -1.094792 
     1150.0000  -1.392807   0.296248  -1.096559 
     1160.0000  -1.407258   0.309890  -1.097368 
     1170.0000  -1.390359   0.298413  -1.091946 
     1180.0000  -1.396914   0.304833  -1.092080 
     1190.0000  -1.401961   0.306904  -1.095056 
     1200.0000  -1.409714   0.313883  -1.095831 
     1210.0000  -1.406211   0.311307  -1.094904 
     1220.0000  -1.403391   0.303941  -1.099450 
     1230.0000  -1.418344   0.313575  -1.104769 
     1240.0000  -1.413324   0.307901  -1.105422 
     1250.0000  -1.413372   0.305593  -1.107779 
     1260.0000  -1.411512   0.305384  -1.106128 
     1270.0000  -1.405718   0.299097  -1.106621 
     1280.0000  -1.405356   0.300894  -1.104462 
     1290.0000  -1.415322   0.309128  -1.106195 
     1300.0000  -1.404311   0.302506  -1.101805 
     1310.0000  -1.405316   0.307403  -1.097912 
     1320.0000  -1.402911   0.303706  -1.099206 
     1330.0000  -1.397380   0.295755  -1.101626 
     1340.0000  -1.408502   0.303481  -1.105021 
     1350.0000  -1.402940   0.298822  -1.104118 
     1360.0000  -1.413016   0.308043  -1.104973 
     1370.0000  -1.411918   0.306210  -1.105707 
     1380.0000  -1.390212   0.290840  -1.099373 
     1390.0000  -1.405999   0.305749  -1.100250 
     1400.0000  -1.404426   0.302991  -1.101435 
     1410.0000  -1.403930   0.311698  -1.092232 
     1420.0000  -1.404305   0.314342  -1.089963 
     1430.0000  -1.397750   0.309374  -1.088376 
     1440.0000  -1.398223   0.312180  -1.086042 
     1450.0000  -1.391032   0.304302  -1.086730 
     1460.0000  -1.389954   0.303593  -1.086361 
     1470.0000  -1.398505   0.306277  -1.092228 
     1480.0000  -1.393384   0.302609  -1.090775 
     1490.0000  -1.393601   0.310068  -1.083533 
     1500.0000  -1.376227   0.306626  -1.069602 
     1510.0000  -1.383828   0.309179  -1.074649 
     1520.0000  -1.400493   0.316240  -1.084253 
     1530.0000  -1.391549   0.309776  -1.081772 
     1540.0000  -1.389445   0.311279  -1.078167 
     1550.0000  -1.399037   0.316192  -1.082846 
     1560.0000  -1.392335   0.312745  -1.079590 
     1570.0000  -1.386552   0.304193  -1.082359 
     1580.0000  -1.383486   0.302076  -1.081410 
     1590.0000  -1.383327   0.308062  -1.075265 
     1600.0000  -1.392209   0.307689  -1.084520 
     1610.0000  -1.387230   0.302602  -1.084629 
     1620.0000  -1.385392   0.300062  -1.085330 
     1630.0000  -1.400227   0.316072  -1.084155 
     1640.0000  -1.387419   0.296060  -1.091359 
     1650.0000  -1.393560   0.304112  -1.089448 
     1660.0000  -1.399696   0.306547  -1.093150 
     1670.0000  -1.406421   0.303245  -1.103175 
     1680.0000  -1.396820   0.298100  -1.098721 
     1690.0000  -1.397581   0.301970  -1.095612 
     1700.0000  -1.399614   0.308972  -1.090642 
     1710.0000  -1.396353   0.301652  -1.094701 
     1720.0000  -1.396961   0.304069  -1.092892 
     1730.0000  -1.392687   0.306478  -1.086208 
     1740.0000  -1.392551   0.305075  -1.087476 
     1750.0000  -1.390191   0.310129  -1.080062 
     1760.0000  -1.395239   0.302422  -1.092818 
     1770.0000  -1.397064   0.304360  -1.092704 
     1780.0000  -1.386330   0.289977  -1.096353 
     1790.0000  -1.398228   0.305751  -1.092477 
     1800.0000  -1.401160   0.302792  -1.098367 
     1810.0000  -1.399888   0.310158  -1.089730 
     1820.0000  -1.396791   0.305609  -1.091181 
     1830.0000  -1.399336   0.301692  -1.097643 
     1840.0000  -1.394403   0.297418  -1.096985 
     1850.0000  -1.401255   0.302328  -1.098927 
     1860.0000  -1.412105   0.302773  -1.109332 
     1870.0000  -1.410770   0.295993  -1.114777 
     1880.0000  -1.408422   0.300808  -1.107615 
     1890.0000  -1.405919   0.294707  -1.111212 
     1900.0000  -1.404769   0.288991  -1.115778 
     1910.0000  -1.409903   0.298700  -1.111203 
     1920.0000  -1.411815   0.308907  -1.102908 
     1930.0000  -1.403991   0.303115  -1.100876 
     1940.0000  -1.401974   0.301069  -1.100905 
     1950.0000  -1.403810   0.308592  -1.095218 
     1960.0000  -1.388926   0.298483  -1.090444 
     1970.0000  -1.407276   0.307208  -1.100068 
     1980.0000  -1.406622   0.306104  -1.100518 
     1990.0000  -1.406525   0.310355  -1.096170 
     2000.0000  -1.414632   0.310464  -1.104169 
     2010.0000  -1.403634   0.300081  -1.103553 
     2020.0000  -1.398618   0.291899  -1.106719 
     2030.0000  -1.407584   0.299045  -1.108539 
     2040.0000  -1.406549   0.302062  -1.104487 
     2050.0000  -1.403737   0.304636  -1.099101 
     2060.0000  -1.410199   0.312482  -1.097718 
     2070.0000  -1.409592   0.311166  -1.098427 
     2080.0000  -1.402267   0.308226  -1.094041 
     2090.0000  -1.402923   0.303707  -1.099217 
     2100.0000  -1.405668   0.307952  -1.097715 
     2110.0000  -1.400206   0.303355  -1.096851 
     2120.0000  -1.406617   0.300004  -1.106613 
     2130.0000  -1.411973   0.307536  -1.104436 
     2140.0000  -1.398371   0.302667  -1.095704 
     2150.0000  -1.399541   0.302082  -1.097459 
     2160.0000  -1.404926   0.305131  -1.099796 
     2170.0000  -1.397015   0.300551  -1.096464 
     2180.0000  -1.396555   0.300344  -1.096211 
     2190.0000  -1.398138   0.310900  -1.087238 
     2200.0000  -1.393513   0.309336  -1.084176 
     2210.0000  -1.386695   0.302583  -1.084112 
     2220.0000  -1.383419   0.303090  -1.080329 
     2230.0000  -1.388215   0.300790  -1.087425 
     2240.0000  -1.393858   0.300158  -1.093699 
     2250.0000  -1.393472   0.301502  -1.091970 
     2260.0000  -1.395415   0.310902  -1.084513 
     2270.0000  -1.389041   0.304305  -1.084736 
     2280.0000  -1.389313   0.312097  -1.077216 
     2290.0000  -1.396369   0.316943  -1.079426 
     2300.0000  -1.387947   0.309657  -1.078289 
     2310.0000  -1.386458   0.302141  -1.084317 
     2320.0000  -1.390130   0.302838  -1.087292 
     2330.0000  -1.396217   0.304865  -1.091351 
     2340.0000  -1.399715   0.315273  -1.084442 
     2350.0000  -1.394425   0.311591  -1.082834 
     2360.0000  -1.381167   0.296969  -1.084198 
     2370.0000  -1.386817   0.303872  -1.082945 
     2380.0000  -1.400742   0.309697  -1.091045 
     2390.0000  -1.389653   0.299227  -1.090426 
     2400.0000  -1.381471   0.290442  -1.091029 
     2410.0000  -1.400675   0.304117  -1.096558 
     2420.0000  -1.391345   0.301733  -1.089612 
     2430.0000  -1.397906   0.299240  -1.098666 
     2440.0000  -1.404109   0.304047  -1.100061 
     2450.0000  -1.392211   0.298657  -1.093554 
     2460.0000  -1.395996   0.301396  -1.094600 
     2470.0000  -1.394604   0.293964  -1.100640 
     2480.0000  -1.398022   0.297442  -1.100580 
     2490.0000  -1.399028   0.306315  -1.092713 
     2500.0000  -1.390779   0.296144  -1.094635 
     2510.0000  -1.392079   0.297572  -1.094507 
     2520.0000  -1.390147   0.300642  -1.089505 
     2530.0000  -1.396063   0.309478  -1.086585 
     2540.0000  -1.383399   0.291000  -1.092400 
     2550.0000  -1.399026   0.303365  -1.095660 
     2560.0000  -1.398156   0.294777  -1.103378 
     2570.0000  -1.415606   0.308256  -1.107350 
     2580.0000  -1.400213   0.296531  -1.103681 
     2590.0000  -1.400423   0.295059  -1.105364 
     2600.0000  -1.394187   0.296533  -1.097654 
     2610.0000  -1.403457   0.304032  -1.099424 
     2620.0000  -1.404657   0.301273  -1.103383 
     2630.0000  -1.405380   0.304927  -1.100453 
     2640.0000  -1.399179   0.298368  -1.100811 
     2650.0000  -1.399091   0.301299  -1.097792 
     2660.0000  -1.403867   0.306681  -1.097186 
     2670.0000  -1.388604   0.294822  -1.093782 
     2680.0000  -1.396289   0.302256  -1.094034 
     2690.0000  -1.400355   0.314432  -1.085922 
     2700.0000  -1.389487   0.299675  -1.089812 
     2710.0000  -1.396475   0.306448  -1.090027 
     2720.0000  -1.385824   0.297558  -1.088266 
     2730.0000  -1.402542   0.312937  -1.089604 
     2740.0000  -1.390172   0.307191  -1.082981 
     2750.0000  -1.386042   0.302881  -1.083161 
     2760.0000  -1.396452   0.309220  -1.087232 
     2770.0000  -1.398406   0.309472  -1.088934 
     2780.0000  -1.399273   0.314616  -1.084656 
     2790.0000  -1.384752   0.302232  -1.082520 
     2800.0000  -1.387125   0.301957  -1.085167 
     2810.0000  -1.390186   0.303927  -1.086259 
     2820.0000  -1.394959   0.305680  -1.089279 
     2830.0000  -1.389224   0.298983  -1.090241 
     2840.0000  -1.402150   0.315289  -1.086861 
     2850.0000  -1.394965   0.308930  -1.086036 
     2860.0000  -1.390822   0.293814  -1.097008 
     2870.0000  -1.393876   0.296188  -1.097688 
     2880.0000  -1.400401   0.295717  -1.104683 
     2890.0000  -1.408364   0.297970  -1.110394 
     2900.0000  -1.406806   0.294255  -1.112551 
     2910.0000  -1.402177   0.288795  -1.113381 
     2920.0000  -1.397295   0.291606  -1.105689 
     2930.0000  -1.399805   0.298129  -1.101676 
     2940.0000  -1.394771   0.299493  -1.095278 
     2950.0000  -1.396043   0.302176  -1.093866 
     2960.0000  -1.398349   0.301934  -1.096416 
     2970.0000  -1.394527   0.297860  -1.096666 
     2980.0000  -1.397827   0.294300  -1.103527 
     2990.0000  -1.400361   0.297471  -1.102890 
     3000.0000  -1.397654   0.297118  -1.100536 
     3010.0000  -1.403531   0.307687  -1.095844 
     3020.0000  -1.406669   0.303343  -1.103326 
     3030.0000  -1.407381   0.305607  -1.101773 
     3040.0000  -1.394909   0.295828  -1.099080 
     3050.0000  -1.391946   0.296991  -1.094955 
     3060.0000  -1.396392   0.305278  -1.091113 
     3070.0000  -1.397229   0.303509  -1.093720 
     3080.0000  -1.396034   0.296382  -1.099652 
     3090.0000  -1.389533   0.296755  -1.092778 
     3100.0000  -1.394704   0.298110  -1.096594 
     3110.0000  -1.401797   0.303130  -1.098667 
     3120.0000  -1.394319   0.302206  -1.092113 
     3130.0000  -1.402222   0.308587  -1.093635 
     3140.0000  -1.398279   0.302556  -1.095724 
     3150.0000  -1.398790   0.296340  -1.102450 
     3160.0000  -1.399317   0.294764  -1.104553 
     3170.0000  -1.412364   0.304843  -1.107521 
     3180.0000  -1.410756   0.303132  -1.107623 
     3190.0000  -1.405007   0.294340  -1.110667 
     3200.0000  -1.403864   0.290821  -1.113043 
     3210.0000  -1.407361   0.304267  -1.103094 
     3220.0000  -1.404228   0.299315  -1.104913 
     3230.0000  -1.403371   0.300985  -1.102386 
     3240.0000  -1.401634   0.297426  -1.104208 
     3250.0000  -1.412936   0.307909  -1.105028 
     3260.0000  -1.400525   0.295383  -1.105142 
     3270.0000  -1.404657   0.300764  -1.103893 
     3280.0000  -1.397850   0.291866  -1.105984 
     3290.0000  -1.399784   0.297009  -1.102775 
     3300.0000  -1.398529   0.292602  -1.105927 
     3310.0000  -1.408624   0.304394  -1.104229 
     3320.0000  -1.402464   0.297163  -1.105301 
     3330.0000  -1.402504   0.295712  -1.106792 
     3340.0000  -1.397258   0.289148  -1.108110 
     3350.0000  -1.408305   0.301627  -1.106677 
     3360.0000  -1.403779   0.300844  -1.102935 
     3370.0000  -1.403467   0.297147  -1.106319 
     3380.0000  -1.401007   0.298612  -1.102396 
     3390.0000  -1.391103   0.292167  -1.098936 
     3400.0000  -1.390348   0.292884  -1.097464 
     3410.0000  -1.398517   0.300973  -1.097543 
     3420.0000  -1.399962   0.312561  -1.087401 
     3430.0000  -1.389901   0.298522  -1.091379 
     3440.0000  -1.403380   0.303781  -1.099599 
     3450.0000  -1.391553   0.296211  -1.095342 
     3460.0000  -1.397873   0.307111  -1.090762 
     3470.0000  -1.396196   0.297470  -1.098725 
     3480.0000  -1.409113   0.305719  -1.103394 
     3490.0000  -1.408173   0.297767  -1.110406 
     3500.0000  -1.411087   0.298898  -1.112189 
     3510.0000  -1.409100   0.299657  -1.109443 
     3520.0000  -1.412113   0.305622  -1.106491 
     3530.0000  -1.405812   0.294479  -1.111333 
     3540.0000  -1.399087   0.286167  -1.112920 
     3550.0000  -1.406488   0.292589  -1.113899 
     3560.0000  -1.405566   0.296635  -1.108931 
     3570.0000  -1.408445   0.305844  -1.102601 
     3580.0000  -1.402530   0.297079  -1.105452 
     3590.0000  -1.397649   0.299614  -1.098035 
     3600.0000  -1.405546   0.300566  -1.104980 
     3610.0000  -1.410765   0.299370  -1.111395 
     3620.0000  -1.408775   0.298601  -1.110174 
     3630.0000  -1.400824   0.297848  -1.102976 
     3640.0000  -1.393009   0.296572  -1.096437 
     3650.0000  -1.401039   0.300517  -1.100522 
     3660.0000  -1.398544   0.306219  -1.092325 
     3670.0000  -1.397118   0.301584  -1.095534 
     3680.0000  -1.395376   0.295202  -1.100174 
     3690.0000  -1.411849   0.306234  -1.105614 
     3700.0000  -1.412896   0.304712  -1.108184 
     3710.0000  -1.403181   0.291615  -1.111566 
     3720.0000  -1.403641   0.295193  -1.108448 
     3730.0000  -1.408856   0.301653  -1.107203 
     3740.0000  -1.403946   0.299731  -1.104215 
     3750.0000  -1.406820   0.296352  -1.110468 
     3760.0000  -1.402763   0.286498  -1.116265 
     3770.0000  -1.411289   0.292917  -1.118372 
     3780.0000  -1.421223   0.303974  -1.117249 
     3790.0000  -1.414383   0.296103  -1.118280 
     3800.0000  -1.416105   0.290653  -1.125452 
     3810.0000  -1.427491   0.298275  -1.129216 
     3820.0000  -1.417819   0.290804  -1.127016 
     3830.0000  -1.413468   0.288920  -1.124548 
     3840.0000  -1.422016   0.296211  -1.125805 
     3850.0000  -1.417607   0.301838  -1.115769 
     3860.0000  -1.414041   0.296635  -1.117406 
     3870.0000  -1.417594   0.297693  -1.119901 
     3880.0000  -1.411198   0.287474  -1.123724 
     3890.0000  -1.419074   0.290228  -1.128847 
     3900.0000  -1.424604   0.302900  -1.121703 
     3910.0000  -1.414183   0.297530  -1.116653 
     3920.0000  -1.417370   0.294953  -1.122417 
     3930.0000  -1.415904   0.292846  -1.123058 
     3940.0000  -1.422739   0.295869  -1.126870 
     3950.0000  -1.423929   0.298391  -1.125538 
     3960.0000  -1.415648   0.287733  -1.127915 
     3970.0000  -1.419525   0.296337  -1.123188 
     3980.0000  -1.414935   0.295196  -1.119739 
     3990.0000  -1.420280   0.298035  -1.122245 
     4000.0000  -1.416732   0.291323  -1.125409 
     4010.0000  -1.410422   0.288452  -1.121969 
     4020.0000  -1.419822   0.297612  -1.122210 
     4030.0000  -1.417395   0.294250  -1.123145 
     4040.0000  -1.423457   0.303370  -1.120088 
     4050.0000  -1.422636   0.304104  -1.118532 
     4060.0000  -1.419295   0.293833  -1.125462 
     4070.0000  -1.431257   0.308626  -1.122631 
     4080.0000  -1.419293   0.290842  -1.128451 
     4090.0000  -1.419026   0.298401  -1.120625 
     4100.0000  -1.419699   0.303971  -1.115728 
     4110.0000  -1.417236   0.302920  -1.114316 
     4120.0000  -1.417752   0.300082  -1.117670 
     4130.0000  -1.408692   0.300069  -1.108623 
     4140.0000  -1.403271   0.292271  -1.110999 
     4150.0000  -1.409717   0.301647  -1.108069 
     4160.0000  -1.410803   0.300440  -1.110363 
     4170.0000  -1.421373   0.302339  -1.119034 
     4180.0000  -1.417057   0.299363  -1.117694 
     4190.0000  -1.411422   0.303789  -1.107633 
     4200.0000  -1.406062   0.299665  -1.106397 
     4210.0000  -1.413325   0.302039  -1.111286 
     4220.0000  -1.415210   0.305841  -1.109370 
     4230.0000  -1.403612   0.298744  -1.104868 
     4240.0000  -1.414726   0.306493  -1.108233 
     4250.0000  -1.413637   0.298157  -1.115479 
     4260.0000  -1.424648   0.302168  -1.122480 
     4270.0000  -1.418214   0.297243  -1.120971 
     4280.0000  -1.422738   0.304530  -1.118207 
     4290.0000  -1.416981   0.301298  -1.115683 
     4300.0000  -1.415581   0.294163  -1.121419 
     4310.0000  -1.416282   0.301568  -1.114713 
     4320.0000  -1.422081   0.307105  -1.114976 
     4330.0000  -1.408862   0.300499  -1.108363 
     4340.0000  -1.416926   0.305280  -1.111646 
     4350.0000  -1.416690   0.313004  -1.103686 
     4360.0000  -1.407668   0.305255  -1.102413 
     4370.0000  -1.411700   0.303114  -1.108586 
     4380.0000  -1.406650   0.299445  -1.107205 
     4390.0000  -1.403456   0.298893  -1.104563 
     4400.0000  -1.401835   0.296976  -1.104859 
     4410.0000  -1.406314   0.301472  -1.104842 
     4420.0000  -1.405101   0.304711  -1.100390 
     4430.0000  -1.404674   0.305713  -1.098960 
     4440.0000  -1.400865   0.297353  -1.103512 
     4450.0000  -1.401936   0.293037  -1.108899 
     4460.0000  -1.406765   0.301292  -1.105473 
     4470.0000  -1.404511   0.303339  -1.101173 
     4480.0000  -1.409434   0.305293  -1.104141 
     4490.0000  -1.401234   0.300152  -1.101082 
     4500.0000  -1.410996   0.304178  -1.106819 
     4510.0000  -1.408470   0.306080  -1.102390 
     4520.0000  -1.402486   0.303669  -1.098817 
     4530.0000  -1.402406   0.306838  -1.095568 
     4540.0000  -1.409036   0.305676  -1.103361 
     4550.0000  -1.402203   0.299818  -1.102385 
     4560.0000  -1.409974   0.305358  -1.104616 
     4570.0000  -1.405511   0.300330  -1.105182 
     4580.0000  -1.407806   0.291933  -1.115873 
     4590.0000  -1.413947   0.298984  -1.114963 
     4600.0000  -1.413319   0.293863  -1.119456 
     4610.0000  -1.412041   0.289336  -1.122704 
     4620.0000  -1.413178   0.288628  -1.124549 
     4630.0000  -1.418221   0.294283  -1.123937 
     4640.0000  -1.429967   0.303767  -1.126200 
     4650.0000  -1.423454   0.299620  -1.123834 
     4660.0000  -1.403424   0.284754  -1.118670 
     4670.0000  -1.416409   0.301651  -1.114758 
     4680.0000  -1.420398   0.301620  -1.118778 
     4690.0000  -1.421954   0.297013  -1.124941 
     4700.0000  -1.414782   0.292601  -1.122181 
     4710.0000  -1.413763   0.292030  -1.121733 
     4720.0000  -1.423022   0.294970  -1.128052 
     4730.0000  -1.413800   0.290851  -1.122948 
     4740.0000  -1.420038   0.300339  -1.119699 
     4750.0000  -1.412493   0.295412  -1.117082 
     4760.0000  -1.418729   0.300264  -1.118465 
     4770.0000  -1.415489   0.295659  -1.119830 
     4780.0000  -1.424472   0.299866  -1.124606 
     4790.0000  -1.427435   0.305074  -1.122362 
     4800.0000  -1.426446   0.303290  -1.123156 
     4810.0000  -1.424140   0.297636  -1.126504 
     4820.0000  -1.419863   0.293791  -1.126073 
     4830.0000  -1.420691   0.290499  -1.130192 
     4840.0000  -1.424802   0.298390  -1.126412 
     4850.0000  -1.419340   0.298208  -1.121132 
     4860.0000  -1.426860   0.300936  -1.125924 
     4870.0000  -1.413549   0.289281  -1.124268 
     4880.0000  -1.432689   0.310944  -1.121745 
     4890.0000  -1.425094   0.295424  -1.129670 
     4900.0000  -1.424355   0.291796  -1.132559 
     4910.0000  -1.414468   0.283517  -1.130951 
     4920.0000  -1.424953   0.298045  -1.126908 
     4930.0000  -1.426712   0.297486  -1.129226 
     4940.0000  -1.419981   0.291103  -1.128879 
     4950.0000  -1.424621   0.299029  -1.125593 
     4960.0000  -1.428979   0.305013  -1.123966 
     4970.0000  -1.423289   0.294409  -1.128880 
     4980.0000  -1.422222   0.289744  -1.132478 
     4990.0000  -1.427906   0.290806  -1.137100 
     5000.0000  -1.428961   0.288366  -1.140595 
     5010.0000  -1.438893   0.296476  -1.142417 
     5020.0000  -1.433674   0.301673  -1.132000 
     5030.0000  -1.423015   0.294515  -1.128500 
     5040.0000  -1.427967   0.297024  -1.130943 
     5050.0000  -1.422896   0.290902  -1.131994 
     5060.0000  -1.429320   0.299175  -1.130145 
     5070.0000  -1.423180   0.289214  -1.133966 
     5080.0000  -1.430364   0.299160  -1.131205 
     5090.0000  -1.422863   0.293159  -1.129704 
     5100.0000  -1.427551   0.297826  -1.129724 
     5110.0000  -1.424544   0.295606  -1.128937 
     5120.0000  -1.423601   0.293861  -1.129740 
     5130.0000  -1.429287   0.295598  -1.133689 
     5140.0000  -1.427579   0.298717  -1.128863 
     5150.0000  -1.423922   0.303553  -1.120369 
     5160.0000  -1.418134   0.304060  -1.114074 
     5170.0000  -1.422965   0.307281  -1.115684 
     5180.0000  -1.417691   0.298728  -1.118963 
     5190.0000  -1.412792   0.293247  -1.119545 
     5200.0000  -1.412151   0.292226  -1.119925 
     5210.0000  -1.408467   0.293310  -1.115157 
     5220.0000  -1.411442   0.303775  -1.107667 
     5230.0000  -1.421488   0.311723  -1.109765 
     5240.0000  -1.414007   0.306008  -1.107999 
     5250.0000  -1.414420   0.304090  -1.110330 
     5260.0000  -1.408497   0.298931  -1.109566 
     5270.0000  -1.412363   0.297076  -1.115287 
     5280.0000  -1.414842   0.299534  -1.115308 
     5290.0000  -1.419508   0.299079  -1.120429 
     5300.0000  -1.430621   0.303973  -1.126649 
     5310.0000  -1.419321   0.298746  -1.120575 
     5320.0000  -1.412003   0.295734  -1.116268 
     5330.0000  -1.407083   0.294543  -1.112539 
     5340.0000  -1.407146   0.291087  -1.116059 
     5350.0000  -1.417606   0.303451  -1.114155 
     5360.0000  -1.414553   0.293774  -1.120779 
     5370.0000  -1.413463   0.297614  -1.115850 
     5380.0000  -1.412697   0.299123  -1.113574 
     5390.0000  -1.410893   0.295406  -1.115487 
     5400.0000  -1.418806   0.299506  -1.119300 
     5410.0000  -1.417048   0.292471  -1.124577 
     5420.0000  -1.419472   0.297587  -1.121885 
     5430.0000  -1.415658   0.294780  -1.120878 
     5440.0000  -1.412519   0.289819  -1.122701 
     5450.0000  -1.413632   0.289050  -1.124581 
     5460.0000  -1.415925   0.292316  -1.123609 
     5470.0000  -1.421810   0.300393  -1.121416 
     5480.0000  -1.408615   0.288251  -1.120365 
     5490.0000  -1.419566   0.298376  -1.121190 
     5500.0000  -1.417778   0.292954  -1.124823 
     5510.0000  -1.417084   0.294739  -1.122345 
     5520.0000  -1.420038   0.297035  -1.123003 
     5530.0000  -1.419746   0.296335  -1.123411 
     5540.0000  -1.422723   0.298482  -1.124241 
     5550.0000  -1.420232   0.291862  -1.128370 
     5560.0000  -1.416943   0.292644  -1.124299 
     5570.0000  -1.409837   0.285725  -1.124112 
     5580.0000  -1.414055   0.288820  -1.125234 
     5590.0000  -1.420523   0.302387  -1.118137 
     5600.0000  -1.409226   0.289623  -1.119603 
     5610.0000  -1.416298   0.299354  -1.116944 
     5620.0000  -1.416645   0.303298  -1.113346 
     5630.0000  -1.411284   0.295717  -1.115567 
     5640.0000  -1.408779   0.298240  -1.110538 
     5650.0000  -1.406670   0.298812  -1.107858 
     5660.0000  -1.413708   0.305671  -1.108037 
     5670.0000  -1.408920   0.295762  -1.113158 
     5680.0000  -1.413699   0.302345  -1.111354 
     5690.0000  -1.411899   0.299896  -1.112004 
     5700.0000  -1.411400   0.300331  -1.111069 
     5710.0000  -1.402713   0.295659  -1.107054 
     5720.0000  -1.402922   0.293267  -1.109655 
     5730.0000  -1.406481   0.293227  -1.113254 
     5740.0000  -1.415433   0.300114  -1.115318 
     5750.0000  -1.412660   0.295416  -1.117244 
     5760.0000  -1.404854   0.295267  -1.109587 
     5770.0000  -1.403314   0.299911  -1.103403 
     5780.0000  -1.398701   0.300002  -1.098699 
     5790.0000  -1.404150   0.304578  -1.099571 
     5800.0000  -1.403098   0.301516  -1.101582 
     5810.0000  -1.398953   0.308378  -1.090575 
     5820.0000  -1.401129   0.305777  -1.095351 
     5830.0000  -1.412691   0.315312  -1.097379 
     5840.0000  -1.400297   0.302971  -1.097326 
     5850.0000  -1.410623   0.306160  -1.104463 
     5860.0000  -1.405487   0.302733  -1.102754 
     5870.0000  -1.402226   0.298581  -1.103645 
     5880.0000  -1.405519   0.302512  -1.103007 
     5890.0000  -1.409872   0.304321  -1.105552 
     5900.0000  -1.410732   0.306020  -1.104712 
     5910.0000  -1.407201   0.305035  -1.102166 
     5920.0000  -1.413414   0.308391  -1.105023 
     5930.0000  -1.411909   0.309695  -1.102214 
     5940.0000  -1.397081   0.299096  -1.097985 
     5950.0000  -1.411327   0.307285  -1.104041 
     5960.0000  -1.403777   0.308343  -1.095434 
     5970.0000  -1.402832   0.304469  -1.098363 
     5980.0000  -1.400910   0.306114  -1.094796 
     5990.0000  -1.404421   0.307888  -1.096533 
     6000.0000  -1.405110   0.302970  -1.102139 
     6010.0000  -1.392845   0.300132  -1.092713 
     6020.0000  -1.402091   0.306012  -1.096079 
     6030.0000  -1.402020   0.307321  -1.094699 
     6040.0000  -1.402712   0.310174  -1.092538 
     6050.0000  -1.400266   0.309043  -1.091224 
     6060.0000  -1.401061   0.306550  -1.094511 
     6070.0000  -1.411457   0.313020  -1.098437 
     6080.0000  -1.399314   0.297665  -1.101649 
     6090.0000  -1.400315   0.297789  -1.102527 
     6100.0000  -1.417175   0.311171  -1.106004 
     6110.0000  -1.400944   0.300857  -1.100087 
     6120.0000  -1.393808   0.299568  -1.094241 
     6130.0000  -1.409084   0.311750  -1.097335 
     6140.0000  -1.398248   0.303674  -1.094575 
     6150.0000  -1.398198   0.309031  -1.089166 
     6160.0000  -1.388885   0.295614  -1.093271 
     6170.0000  -1.405366   0.310894  -1.094473 
     6180.0000  -1.415494   0.314738  -1.100757 
     6190.0000  -1.403568   0.311944  -1.091624 
     6200.0000  -1.405284   0.317927  -1.087357 
     6210.0000  -1.408693   0.312835  -1.095858 
     6220.0000  -1.404577   0.313026  -1.091551 
     6230.0000  -1.406302   0.316506  -1.089796 
     6240.0000  -1.407664   0.313986  -1.093679 
     6250.0000  -1.387172   0.304991  -1.082182 
     6260.0000  -1.394405   0.309414  -1.084991 
     6270.0000  -1.397208   0.305182  -1.092026 
     6280.0000  -1.405102   0.312808  -1.092295 
     6290.0000  -1.399929   0.311105  -1.088824 
     6300.0000  -1.405940   0.312538  -1.093402 
     6310.0000  -1.400194   0.304374  -1.095820 
     6320.0000  -1.401795   0.301496  -1.100300 
     6330.0000  -1.403655   0.298356  -1.105299 
     6340.0000  -1.400028   0.297118  -1.102910 
     6350.0000  -1.399936   0.300745  -1.099191 
     6360.0000  -1.405783   0.310549  -1.095234 
     6370.0000  -1.407318   0.307257  -1.100061 
     6380.0000  -1.410016   0.311526  -1.098490 
     6390.0000  -1.404861   0.307421  -1.097440 
     6400.0000  -1.403399   0.303364  -1.100034 
     6410.0000  -1.404762   0.308249  -1.096512 
     6420.0000  -1.405804   0.309697  -1.096106 
     6430.0000  -1.404465   0.313067  -1.091398 
     6440.0000  -1.400250   0.308753  -1.091497 
     6450.0000  -1.395968   0.301891  -1.094077 
     6460.0000  -1.402996   0.300807  -1.102189 
     6470.0000  -1.410289   0.307649  -1.102640 
     6480.0000  -1.402151   0.300225  -1.101926 
     6490.0000  -1.403682   0.306435  -1.097247 
     6500.0000  -1.410314   0.315631  -1.094683 
     6510.0000  -1.400040   0.295478  -1.104562 
     6520.0000  -1.403935   0.294612  -1.109322 
     6530.0000  -1.404623   0.293045  -1.111578 
     6540.0000  -1.399185   0.292254  -1.106931 
     6550.0000  -1.404720   0.299226  -1.105493 
     6560.0000  -1.402398   0.295107  -1.107291 
     6570.0000  -1.401483   0.292709  -1.108774 
     6580.0000  -1.418786   0.307330  -1.111457 
     6590.0000  -1.401710   0.290910  -1.110800 
     6600.0000  -1.405751   0.298461  -1.107290 
     6610.0000  -1.406193   0.302823  -1.103371 
     6620.0000  -1.404620   0.300020  -1.104600 
     6630.0000  -1.412114   0.306239  -1.105875 
     6640.0000  -1.410451   0.304804  -1.105648 
     6650.0000  -1.406930   0.302491  -1.104439 
     6660.0000  -1.405606   0.302197  -1.103409 
     6670.0000  -1.404434   0.301781  -1.102653 
     6680.0000  -1.402088   0.299575  -1.102512 
     6690.0000  -1.405017   0.299792  -1.105225 
     6700.0000  -1.399613   0.297748  -1.101865 
     6710.0000  -1.403511   0.299238  -1.104273 
     6720.0000  -1.403360   0.302769  -1.100591 
     6730.0000  -1.405129   0.305057  -1.100073 
     6740.0000  -1.401063   0.303971  -1.097092 
     6750.0000  -1.400687   0.303766  -1.096921 
     6760.0000  -1.393210   0.297078  -1.096132 
     6770.0000  -1.398297   0.305675  -1.092622 
     6780.0000  -1.394314   0.300092  -1.094222 
     6790.0000  -1.397689   0.311656  -1.086033 
     6800.0000  -1.387975   0.303161  -1.084814 
     6810.0000  -1.396458   0.311248  -1.085210 
     6820.0000  -1.386022   0.295987  -1.090035 
     6830.0000  -1.392309   0.304260  -1.088049 
     6840.0000  -1.393696   0.305118  -1.088578 
     6850.0000  -1.387505   0.309852  -1.077652 
     6860.0000  -1.377000   0.307753  -1.069247 
     6870.0000  -1.393520   0.317225  -1.076295 
     6880.0000  -1.380681   0.301327  -1.079354 
     6890.0000  -1.391484   0.308445  -1.083039 
     6900.0000  -1.385309   0.304965  -1.080344 
     6910.0000  -1.394741   0.310247  -1.084494 
     6920.0000  -1.392360   0.308390  -1.083970 
     6930.0000  -1.393471   0.308680  -1.084790 
     6940.0000  -1.395464   0.310334  -1.085131 
     6950.0000  -1.387428   0.287883  -1.099545 
     6960.0000  -1.393537   0.295341  -1.098195 
     6970.0000  -1.392583   0.299954  -1.092629 
     6980.0000  -1.411759   0.320198  -1.091561 
     6990.0000  -1.397902   0.308973  -1.088928 
     7000.0000  -1.407110   0.314681  -1.092428 
     7010.0000  -1.407873   0.303178  -1.104695 
     7020.0000  -1.405693   0.301922  -1.103771 
     7030.0000  -1.417741   0.306395  -1.111346 
     7040.0000  -1.399232   0.281462  -1.117770 
     7050.0000  -1.411640   0.297022  -1.114618 
     7060.0000  -1.416302   0.296135  -1.120167 
     7070.0000  -1.414993   0.294859  -1.120134 
     7080.0000  -1.414022   0.287577  -1.126445 
     7090.0000  -1.412564   0.289772  -1.122792 
     7100.0000  -1.411017   0.293311  -1.117706 
     7110.0000  -1.417002   0.299259  -1.117743 
     7120.0000  -1.409147   0.296057  -1.113089 
     7130.0000  -1.407125   0.295334  -1.111791 
     7140.0000  -1.407130   0.295932  -1.111198 
     7150.0000  -1.408830   0.299077  -1.109752 
     7160.0000  -1.405937   0.293937  -1.112000 
     7170.0000  -1.408584   0.296701  -1.111884 
     7180.0000  -1.421324   0.300930  -1.120394 
     7190.0000  -1.408079   0.296664  -1.111416 
     7200.0000  -1.405893   0.294196  -1.111697 
     7210.0000  -1.409634   0.294506  -1.115128 
     7220.0000  -1.407394   0.289993  -1.117401 
     7230.0000  -1.415414   0.296271  -1.119144 
     7240.0000  -1.420903   0.297134  -1.123768 
     7250.0000  -1.400896   0.289933  -1.110962 
     7260.0000  -1.409610   0.304612  -1.104998 
     7270.0000  -1.402162   0.296225  -1.105937 
     7280.0000  -1.413200   0.307594  -1.105607 
     7290.0000  -1.411908   0.301425  -1.110483 
     7300.0000  -1.414069   0.301483  -1.112586 
     7310.0000  -1.410568   0.302827  -1.107740 
     7320.0000  -1.413213   0.306191  -1.107023 
     7330.0000  -1.396733   0.295316  -1.101417 
     7340.0000  -1.406567   0.303439  -1.103129 
     7350.0000  -1.405736   0.300921  -1.104815 
     7360.0000  -1.408575   0.301335  -1.107240 
     7370.0000  -1.402547   0.307219  -1.095328 
     7380.0000  -1.406753   0.303624  -1.103129 
     7390.0000  -1.412253   0.305102  -1.107152 
     7400.0000  -1.412577   0.307238  -1.105339 
     7410.0000  -1.399247   0.294865  -1.104382 
     7420.0000  -1.410951   0.301870  -1.109081 
     7430.0000  -1.415473   0.312990  -1.102483 
     7440.0000  -1.403124   0.296989  -1.106135 
     7450.0000  -1.410710   0.306239  -1.104471 
     7460.0000  -1.406041   0.295100  -1.110941 
     7470.0000  -1.405747   0.296930  -1.108816 
     7480.0000  -1.420113   0.309761  -1.110351 
     7490.0000  -1.403427   0.298858  -1.104569 
     7500.0000  -1.403794   0.299235  -1.104559 
     7510.0000  -1.413354   0.308149  -1.105205 
     7520.0000  -1.417100   0.301659  -1.115441 
     7530.0000  -1.418897   0.301210  -1.117687 
     7540.0000  -1.406533   0.292931  -1.113603 
     7550.0000  -1.420557   0.298939  -1.121618 
     7560.0000  -1.428668   0.304158  -1.124510 
     7570.0000  -1.427417   0.297875  -1.129542 
     7580.0000  -1.424677   0.295688  -1.128989 
     7590.0000  -1.417116   0.290946  -1.126170 
     7600.0000  -1.418043   0.294817  -1.123226 
     7610.0000  -1.422801   0.303492  -1.119310 
     7620.0000  -1.417966   0.302624  -1.115342 
     7630.0000  -1.413061   0.295271  -1.117790 
     7640.0000  -1.420256   0.304137  -1.116119 
     7650.0000  -1.421261   0.300467  -1.120794 
     7660.0000  -1.418077   0.298091  -1.119986 
     7670.0000  -1.409002   0.290055  -1.118947 
     7680.0000  -1.418413   0.305283  -1.113129 
     7690.0000  -1.412118   0.299154  -1.112964 
     7700.0000  -1.406628   0.296607  -1.110021 
     7710.0000  -1.411346   0.301143  -1.110203 
     7720.0000  -1.412410   0.305258  -1.107151 
     7730.0000  -1.416630   0.302968  -1.113662 
     7740.0000  -1.412442   0.300777  -1.111665 
     7750.0000  -1.414547   0.304402  -1.110146 
     7760.0000  -1.415231   0.301020  -1.114211 
     7770.0000  -1.413848   0.298320  -1.115528 
     7780.0000  -1.401230   0.292860  -1.108370 
     7790.0000  -1.415715   0.309370  -1.106345 
     7800.0000  -1.408145   0.300369  -1.107777 
     7810.0000  -1.420520   0.306051  -1.114469 
     7820.0000  -1.420402   0.300361  -1.120041 
     7830.0000  -1.415901   0.301677  -1.114225 
     7840.0000  -1.411610   0.296927  -1.114683 
     7850.0000  -1.407173   0.296637  -1.110536 
     7860.0000  -1.406006   0.297957  -1.108050 
     7870.0000  -1.410721   0.305978  -1.104744 
     7880.0000  -1.407918   0.299136  -1.108782 
     7890.0000  -1.395545   0.289381  -1.106164 
     7900.0000  -1.415326   0.305655  -1.109671 
     7910.0000  -1.406663   0.299633  -1.107030 
     7920.0000  -1.407753   0.293762  -1.113991 
     7930.0000  -1.407724   0.296265  -1.111459 
     7940.0000  -1.412349   0.299078  -1.113272 
     7950.0000  -1.414391   0.301440  -1.112951 
     7960.0000  -1.401508   0.293547  -1.107962 
     7970.0000  -1.418174   0.302603  -1.115571 
     7980.0000  -1.419246   0.297312  -1.121934 
     7990.0000  -1.420981   0.302872  -1.118109 
     8000.0000  -1.411239   0.287985  -1.123254 
     8010.0000  -1.423000   0.301570  -1.121431 
     8020.0000  -1.417235   0.289126  -1.128109 
     8030.0000  -1.428118   0.303479  -1.124639 
     8040.0000  -1.423995   0.297889  -1.126106 
     8050.0000  -1.420704   0.300330  -1.120374 
     8060.0000  -1.425022   0.299893  -1.125129 
     8070.0000  -1.411758   0.281893  -1.129865 
     8080.0000  -1.413026   0.290507  -1.122519 
     8090.0000  -1.416131   0.292174  -1.123957 
     8100.0000  -1.417007   0.298699  -1.118308 
     8110.0000  -1.412194   0.296008  -1.116185 
     8120.0000  -1.409413   0.291131  -1.118282 
     8130.0000  -1.417642   0.296747  -1.120895 
     8140.0000  -1.421972   0.304742  -1.117230 
     8150.0000  -1.406666   0.285255  -1.121411 
     8160.0000  -1.410240   0.294999  -1.115242 
     8170.0000  -1.419016   0.297993  -1.121024 
     8180.0000  -1.422134   0.299958  -1.122176 
     8190.0000  -1.411857   0.289625  -1.122232 
     8200.0000  -1.422186   0.299944  -1.122242 
     8210.0000  -1.410547   0.287485  -1.123062 
     8220.0000  -1.414659   0.292487  -1.122172 
     8230.0000  -1.413011   0.293871  -1.119140 
     8240.0000  -1.411456   0.289627  -1.121829 
     8250.0000  -1.427476   0.301053  -1.126423 
     8260.0000  -1.413966   0.291749  -1.122217 
     8270.0000  -1.407661   0.287002  -1.120659 
     8280.0000  -1.413721   0.299293  -1.114428 
     8290.0000  -1.412865   0.296143  -1.116722 
     8300.0000  -1.401874   0.288840  -1.113034 
     8310.0000  -1.408529   0.293758  -1.114771 
     8320.0000  -1.406844   0.289330  -1.117514 
     8330.0000  -1.407668   0.292407  -1.115261 
     8340.0000  -1.419635   0.302231  -1.117405 
     8350.0000  -1.410352   0.293770  -1.116582 
     8360.0000  -1.404903   0.290735  -1.114168 
     8370.0000  -1.402703   0.288662  -1.114041 
     8380.0000  -1.408458   0.297000  -1.111459 
     8390.0000  -1.423642   0.307985  -1.115657 
     8400.0000  -1.410673   0.302235  -1.108438 
     8410.0000  -1.402689   0.285443  -1.117246 
     8420.0000  -1.407235   0.290743  -1.116492 
     8430.0000  -1.405746   0.295441  -1.110305 
     8440.0000  -1.409671   0.296004  -1.113667 
     8450.0000  -1.410098   0.299902  -1.110196 
     8460.0000  -1.415442   0.302738  -1.112704 
     8470.0000  -1.411378   0.293398  -1.117980 
     8480.0000  -1.415263   0.295223  -1.120040 
     8490.0000  -1.411545   0.291243  -1.120303 
     8500.0000  -1.417469   0.298637  -1.118832 
     8510.0000  -1.406429   0.293520  -1.112909 
     8520.0000  -1.411301   0.295003  -1.116298 
     8530.0000  -1.413289   0.292058  -1.121231 
     8540.0000  -1.415667   0.299984  -1.115682 
     8550.0000  -1.406733   0.294852  -1.111881 
     8560.0000  -1.410669   0.300508  -1.110161 
     8570.0000  -1.413953   0.301907  -1.112046 
     8580.0000  -1.409178   0.297664  -1.111514 
     8590.0000  -1.415024   0.298827  -1.116196 
     8600.0000  -1.408388   0.296995  -1.111394 
     8610.0000  -1.408144   0.296258  -1.111887 
     8620.0000  -1.412676   0.302550  -1.110126 
     8630.0000  -1.412910   0.303840  -1.109070 
     8640.0000  -1.409865   0.303102  -1.106763 
     8650.0000  -1.403336   0.303162  -1.100173 
     8660.0000  -1.406251   0.295625  -1.110625 
     8670.0000  -1.402498   0.301910  -1.100588 
     8680.0000  -1.408392   0.300902  -1.107490 
     8690.0000  -1.408381   0.303092  -1.105289 
     8700.0000  -1.406733   0.305248  -1.101485 
     8710.0000  -1.404948   0.304166  -1.100782 
     8720.0000  -1.414079   0.303501  -1.110578 
     8730.0000  -1.418177   0.298655  -1.119521 
     8740.0000  -1.423459   0.300437  -1.123022 
     8750.0000  -1.416159   0.298102  -1.118058 
     8760.0000  -1.404959   0.293151  -1.111807 
     8770.0000  -1.407512   0.300973  -1.106539 
     8780.0000  -1.406966   0.296656  -1.110310 
     8790.0000  -1.403904   0.300716  -1.103188 
     8800.0000  -1.418102   0.314142  -1.103960 
     8810.0000  -1.396048   0.295731  -1.100317 
     8820.0000  -1.400663   0.292548  -1.108115 
     8830.0000  -1.408755   0.294112  -1.114643 
     8840.0000  -1.406422   0.296493  -1.109929 
     8850.0000  -1.411484   0.302618  -1.108866 
     8860.0000  -1.412589   0.299059  -1.113531 
     8870.0000  -1.403216   0.294856  -1.108360 
     8880.0000  -1.407253   0.295773  -1.111480 
     8890.0000  -1.408787   0.294094  -1.114693 
     8900.0000  -1.412751   0.300646  -1.112105 
     8910.0000  -1.405943   0.295554  -1.110389 
     8920.0000  -1.415353   0.299854  -1.115499 
     8930.0000  -1.416372   0.299963  -1.116408 
     8940.0000  -1.406151   0.294707  -1.111445 
     8950.0000  -1.408518   0.302211  -1.106306 
     8960.0000  -1.400672   0.296314  -1.104357 
     8970.0000  -1.395829   0.297948  -1.097881 
     8980.0000  -1.405219   0.302618  -1.102601 
     8990.0000  -1.400898   0.302798  -1.098100 
     9000.0000  -1.404637   0.306109  -1.098527 
     9010.0000  -1.403673   0.304106  -1.099566 
     9020.0000  -1.408567   0.304695  -1.103873 
     9030.0000  -1.411896   0.313116  -1.098780 
     9040.0000  -1.400539   0.305324  -1.095216 
     9050.0000  -1.409547   0.312059  -1.097488 
     9060.0000  -1.401343   0.303562  -1.097781 
     9070.0000  -1.405168   0.306613  -1.098556 
     9080.0000  -1.399375   0.304615  -1.094761 
     9090.0000  -1.392969   0.298595  -1.094373 
     9100.0000  -1.401578   0.307482  -1.094096 
     9110.0000  -1.399655   0.299731  -1.099924 
     9120.0000  -1.403333   0.304737  -1.098596 
     9130.0000  -1.401340   0.302212  -1.099128 
     9140.0000  -1.396286   0.303879  -1.092407 
     9150.0000  -1.397572   0.297565  -1.100007 
     9160.0000  -1.404935   0.299941  -1.104993 
     9170.0000  -1.405361   0.299683  -1.105677 
     9180.0000  -1.407362   0.303335  -1.104027 
     9190.0000  -1.409568   0.308295  -1.101273 
     9200.0000  -1.410615   0.310119  -1.100496 
     9210.0000  -1.409009   0.305055  -1.103954 
     9220.0000  -1.403762   0.299882  -1.103880 
     9230.0000  -1.402343   0.302031  -1.100312 
     9240.0000  -1.404304   0.306957  -1.097347 
     9250.0000  -1.394861   0.293240  -1.101620 
     9260.0000  -1.407159   0.299195  -1.107965 
     9270.0000  -1.400183   0.289255  -1.110928 
     9280.0000  -1.404542   0.298988  -1.105554 
     9290.0000  -1.402877   0.302126  -1.100752 
     9300.0000  -1.409870   0.297537  -1.112333 
     9310.0000  -1.418219   0.297873  -1.120346 
     9320.0000  -1.407509   0.293452  -1.114057 
     9330.0000  -1.412328   0.301341  -1.110986 
     9340.0000  -1.404752   0.295489  -1.109263 
     9350.0000  -1.416316   0.299879  -1.116438 
     9360.0000  -1.416708   0.298615  -1.118093 
     9370.0000  -1.411536   0.298741  -1.112795 
     9380.0000  -1.411907   0.299507  -1.112400 
     9390.0000  -1.412167   0.298500  -1.113667 
     9400.0000  -1.408746   0.301827  -1.106919 
     9410.0000  -1.417355   0.300480  -1.116876 
     9420.0000  -1.410956   0.290766  -1.120191 
     9430.0000  -1.409961   0.293352  -1.116608 
     9440.0000  -1.409847   0.297954  -1.111893 
     9450.0000  -1.416786   0.305096  -1.111689 
     9460.0000  -1.410669   0.303117  -1.107552 
     9470.0000  -1.404235   0.302002  -1.102234 
     9480.0000  -1.403418   0.296092  -1.107327 
     9490.0000  -1.412537   0.299579  -1.112958 
     9500.0000  -1.414904   0.299673  -1.115230 
     9510.0000  -1.418650   0.300370  -1.118280 
     9520.0000  -1.408293   0.288945  -1.119348 
     9530.0000  -1.419420   0.298611  -1.120809 
     9540.0000  -1.410521   0.294026  -1.116495 
     9550.0000  -1.413231   0.296326  -1.116905 
     9560.0000  -1.402930   0.295866  -1.107064 
     9570.0000  -1.407335   0.298649  -1.108686 
     9580.0000  -1.406812   0.295632  -1.111180 
     9590.0000  -1.425411   0.317749  -1.107662 
     9600.0000  -1.411444   0.300973  -1.110472 
     9610.0000  -1.406939   0.299723  -1.107215 
     9620.0000  -1.413264   0.301981  -1.111283 
     9630.0000  -1.408261   0.286141  -1.122121 
     9640.0000  -1.404290   0.283992  -1.120298 
     9650.0000  -1.419148   0.302890  -1.116258 
     9660.0000  -1.409681   0.301598  -1.108082 
     9670.0000  -1.415731   0.308649  -1.107082 
     9680.0000  -1.408588   0.296078  -1.112510 
     9690.0000  -1.399778   0.288293  -1.111485 
     9700.0000  -1.409684   0.293154  -1.116530 
     9710.0000  -1.415736   0.293500  -1.122236 
     9720.0000  -1.414158   0.300969  -1.113189 
     9730.0000  -1.412620   0.297862  -1.114758 
     9740.0000  -1.416006   0.300139  -1.115867 
     9750.0000  -1.408235   0.289947  -1.118288 
     9760.0000  -1.411720   0.292341  -1.119379 
     9770.0000  -1.413922   0.295987  -1.117935 
     9780.0000  -1.402715   0.294329  -1.108386 
     9790.0000  -1.403231   0.295692  -1.107539 
     9800.0000  -1.403641   0.298083  -1.105558 
     9810.0000  -1.400712   0.291921  -1.108792 
     9820.0000  -1.404660   0.294104  -1.110556 
     9830.0000  -1.406063   0.285615  -1.120449 
     9840.0000  -1.413561   0.293419  -1.120142 
     9850.0000  -1.408812   0.289380  -1.119432 
     9860.0000  -1.410758   0.289529  -1.121229 
     9870.0000  -1.417454   0.288143  -1.129311 
     9880.0000  -1.415540   0.287996  -1.127544 
     9890.0000  -1.423240   0.299940  -1.123300 
     9900.0000  -1.408410   0.284544  -1.123866 
     9910.0000  -1.418115   0.296785  -1.121331 
     9920.0000  -1.411754   0.290888  -1.120866 
     9930.0000  -1.407842   0.288764  -1.119078 
     9940.0000  -1.411736   0.296369  -1.115368 
     9950.0000  -1.412676   0.306261  -1.106415 
     9960.0000  -1.410264   0.301519  -1.108745 
     9970.0000  -1.408956   0.307481  -1.101474 
     9980.0000  -1.402387   0.300069  -1.102318 
     9990.0000  -1.406785   0.301791  -1.104994 
    10000.0000  -1.409404   0.303660  -1.105744 
