709-490	
22.07	
31.75	
31.10	
18.75	
26.03	
25.45	
19.68	
36.50	
43.58	
43.01	
55.93	
60.58	
60.69	
54.47	
59.90	
74.75	
78.51	
75.70	
74.19	
73.33	
58.38	
69.83	
73.82	
61.04	
52.40	
44.32	
40.16	
43.75	
37.84	
39.70	
56.36	
59.84	
66.03	
71.39	
74.54	
69.58	
73.78	
74.93	
83.85	
77.96	
90.20	
88.18	
81.70	
82.53	
98.60	
92.00	
93.36	
93.23	
88.61	
88.86	
83.77	
65.73	
64.63	
74.73	
77.30	
77.49	
82.78	
78.29	
73.55	
77.82	
70.17	
65.24	
67.78	
70.07	
66.10	
60.54	
63.14	
72.74	
75.61	
76.20	
73.04	
76.95	
82.77	
79.68	
77.73	
77.92	
67.11	
63.27	
62.67	
74.14	
74.22	
58.26	
72.50	
70.16	
72.61	
68.41	
56.62	
58.20	
67.56	
71.83	
71.16	
69.10	
82.78	
79.94	
79.68	
64.76	
73.77	
61.63	
52.81	
47.00	
32.60	
38.10	
37.96	
28.99	
28.86	
25.06	
45.15	
39.82	
41.40	
33.58	
34.44	
28.45	
14.79	
24.06	
27.92	
27.66	
18.58	
7.23	
20.09	
21.76	
32.51	
44.57	
30.57	
44.14	
50.74	
42.65	
39.85	
39.57	
43.55	
56.39	
62.72	
68.24	
58.11	
72.51	
76.34	
85.72	
86.27	
91.81	
85.23	
85.60	
81.05	
83.62	
71.10	
86.24	
95.48	
82.27	
88.25	
99.17	
99.69	
104.42	
93.76	
96.90	
101.94	
87.41	
85.22	
92.44	
94.08	
91.43	
96.03	
88.80	
77.46	
79.23	
72.05	
85.21	
80.04	
87.78	
85.94	
74.96	
76.71	
61.29	
64.99	
60.67	
55.52	
60.44	
63.68	
68.91	
64.41	
71.73	
70.44	
58.59	
58.15	
61.61	
53.38	
55.51	
58.40	
51.00	
44.18	
59.28	
57.51	
62.58	
62.43	
68.15	
65.02	
71.50	
68.89	
68.20	
64.94	
60.10	
67.22	
64.30	
62.13	
51.43	
48.15	
43.62	
39.73	
43.28	
42.13	
59.02	
49.57	
60.96	
75.69	
64.35	
64.07	
70.58	
76.59	
57.84	
58.29	
63.27	
52.47	
54.97	
56.80	
61.03	
79.62	
73.57	
68.10	
70.01	
64.08	
76.00	
74.43	
75.93	
70.72	
72.74	
74.80	
74.78	
86.40	
85.27	
78.44	
76.63	
73.64	
78.20	
71.12	
67.12	
66.90	
65.91	
54.05	
45.52	
44.43	
34.59	
41.93	
52.19	
56.08	
50.21	
49.85	
42.61	
42.45	
48.46	
45.84	
51.31	
56.93	
55.15	
61.31	
56.98	
66.54	
64.90	
70.93	
72.35	
71.11	
66.14	
67.95	
65.87	
61.16	
63.36	
51.04	
51.52	
51.05	
65.22	
72.11	
71.99	
76.02	
83.86	
72.47	
65.30	
71.26	
68.34	
67.59	
84.29	
85.28	
79.52	
85.12	
79.01	
65.33	
71.03	
65.69	
66.60	
70.56	
63.83	
68.43	
80.13	
85.89	
77.67	
70.33	
79.48	
77.99	
72.27	
67.31	
65.83	
58.14	
67.67	
78.10	
70.39	
65.18	
65.09	
63.02	
66.23	
72.78	
76.24	
73.44	
71.03	
74.06	
63.92	
75.58	
75.89	
85.77	
73.79	
77.73	
72.96	
75.48	
70.63	
65.09	
71.59	
69.03	
67.71	
66.53	
63.12	
64.66	
72.46	
68.19	
61.49	
67.06	
55.12	
52.35	
58.68	
61.41	
68.58	
71.35	
66.55	
58.31	
49.58	
48.72	
64.08	
56.18	
55.74	
60.80	
54.44	
49.54	
59.30	
58.65	
52.62	
43.55	
53.10	
63.38	
67.48	
63.66	
73.73	
65.63	
38.42	
50.12	
40.99	
45.98	
48.10	
33.98	
34.73	
17.54	
23.37	
30.38	
38.12	
33.79	
40.31	
46.86	
32.52	
32.82	
28.76	
29.57	
33.89	
41.75	
35.70	
28.06	
26.56	
27.85	
37.41	
23.59	
37.60	
14.26	
14.81	
21.34	
18.90	
30.16	
29.07	
40.59	
20.38	
23.95	
26.52	
15.77	
16.61	
20.94	
23.68	
30.13	
28.96	
18.01	
19.96	
20.24	
34.78	
26.76	
29.33	
21.24	
17.27	
17.70	
19.35	
23.03	
20.29	
31.35	
21.46	
36.04	
34.21	
35.98	
35.55	
41.07	
40.94	
38.65	
52.34	
57.97	
53.13	
61.79	
56.60	
60.98	
59.13	
58.70	
53.35	
63.24	
60.41	
64.30	
59.31	
60.43	
62.13	
56.86	
62.70	
58.13	
60.08	
63.69	
57.88	
66.69	
65.72	
63.91	
61.65	
58.80	
55.19	
49.74	
43.85	
36.75	
40.29	
33.93	
43.57	
42.93	
38.45	
44.97	
46.27	
48.85	
50.40	
49.99	
60.64	
51.79	
46.26	
49.72	
47.17	
43.39	
44.84	
38.80	
52.21	
54.66	
57.57	
51.39	
39.68	
30.04	
25.65	
23.32	
33.03	
31.13	
37.77	
55.39	
66.50	
76.76	
71.54	
80.94	
81.77	
79.25	
76.24	
67.59	
64.54	
55.06	
49.27	
40.67	
40.57	
45.48	
48.30	
42.22	
46.30	
38.94	
41.06	
45.68	
53.54	
60.48	
65.32	
64.67	
56.49	
54.35	
63.50	
63.70	
65.91	
52.49	
51.17	
45.83	
38.50	
38.73	
42.43	
39.59	
41.47	
44.97	
29.82	
30.71	
32.99	
34.83	
33.38	
33.47	
32.05	
37.34	
33.29	
36.29	
36.44	
38.67	
37.96	
42.35	
26.31	
38.87	
40.12	
53.58	
61.16	
64.49	
77.34	
76.34	
64.57	
58.29	
56.75	
44.16	
33.98	
40.27	
46.66	
48.01	
39.70	
45.29	
42.41	
30.23	
32.05	
33.75	
36.81	
53.02	
54.17	
63.39	
61.57	
64.95	
63.06	
70.47	
65.75	
62.86	
54.44	
43.21	
32.51	
36.59	
44.58	
46.07	
51.35	
44.91	
46.94	
52.75	
47.81	
50.10	
52.54	
63.00	
53.84	
56.06	
59.62	
66.50	
52.37	
68.59	
43.58	
55.42	
57.45	
65.67	
59.17	
68.74	
56.43	
70.15	
58.65	
43.95	
44.76	
33.86	
38.58	
22.26	
23.04	
17.67	
30.55	
41.78	
42.55	
50.15	
38.44	
43.12	
47.12	
42.71	
51.17	
50.96	
43.98	
55.57	
56.49	
63.33	
59.56	
56.64	
50.76	
59.92	
58.90	
53.52	
58.41	
60.60	
60.90	
59.42	
54.80	
50.21	
49.93	
58.41	
49.01	
44.62	
51.88	
57.09	
52.93	
56.95	
44.14	
42.28	
53.99	
57.72	
60.05	
44.41	
50.32	
61.49	
62.45	
63.95	
65.94	
66.26	
65.50	
73.09	
68.60	
76.56	
79.10	
82.62	
80.43	
73.97	
66.00	
62.93	
56.83	
63.87	
60.98	
72.18	
74.34	
71.23	
74.52	
80.01	
82.72	
78.38	
92.45	
79.97	
76.15	
91.30	
76.63	
89.57	
95.41	
91.61	
96.40	
92.00	
99.31	
91.63	
89.31	
80.11	
76.64	
89.76	
85.43	
81.32	
90.35	
91.56	
99.56	
103.70	
94.18	
88.53	
78.73	
81.09	
84.93	
89.35	
89.67	
92.48	
88.56	
87.11	
76.94	
78.89	
86.58	
75.52	
61.46	
49.84	
51.97	
57.76	
55.08	
63.65	
49.93	
62.36	
59.69	
66.10	
70.10	
75.01	
65.37	
67.71	
72.05	
69.94	
58.09	
58.00	
53.97	
42.28	
52.89	
51.26	
44.33	
37.05	
43.77	
42.86	
57.52	
66.47	
60.89	
77.62	
88.03	
78.41	
85.92	
83.19	
85.95	
83.86	
81.85	
90.72	
86.56	
94.86	
103.55	
93.28	
88.11	
85.86	
82.07	
81.93	
89.78	
88.60	
72.88	
72.77	
83.18	
85.73	
88.47	
76.79	
89.85	
87.29	
83.80	
69.08	
55.35	
60.34	
57.55	
54.03	
63.16	
51.93	
55.96	
41.74	
50.18	
51.37	
60.21	
52.63	
61.29	
64.24	
69.49	
75.62	
68.82	
74.40	
77.54	
80.77	
74.96	
75.96	
76.01	
74.09	
72.75	
82.34	
81.05	
79.32	
71.12	
77.80	
60.47	
64.53	
74.71	
82.13	
78.07	
73.38	
71.02	
65.41	
49.12	
63.31	
50.23	
48.65	
65.82	
57.62	
66.92	
58.88	
45.61	
44.25	
41.92	
49.58	
52.23	
53.81	
69.24	
75.47	
75.41	
78.68	
73.94	
74.70	
74.52	
80.10	
72.00	
70.07	
59.64	
64.50	
55.41	
51.85	
62.48	
59.01	
41.26	
47.85	
40.74	
54.15	
50.52	
50.44	
64.48	
78.16	
67.01	
68.85	
45.39	
68.36	
77.44	
84.86	
83.12	
82.35	
83.80	
81.00	
81.76	
75.00	
70.66	
68.71	
74.68	
63.63	
46.83	
49.02	
56.53	
47.30	
52.47	
48.49	
48.53	
53.19	
49.32	
53.29	
50.92	
72.92	
61.65	
71.09	
68.27	
77.78	
79.76	
82.17	
82.36	
76.51	
71.23	
72.64	
73.20	
78.30	
72.93	
67.05	
74.66	
71.81	
58.48	
49.87	
49.69	
62.95	
65.97	
53.81	
42.83	
50.08	
53.41	
42.44	
46.39	
41.87	
48.20	
44.75	
39.99	
41.04	
49.62	
48.40	
43.25	
49.88	
60.02	
68.53	
80.79	
75.64	
72.21	
80.24	
75.63	
73.99	
68.68	
63.19	
77.06	
70.65	
57.71	
46.56	
43.80	
52.06	
56.54	
62.91	
73.50	
65.56	
57.01	
63.45	
58.56	
51.40	
58.42	
51.13	
62.31	
51.26	
52.34	
57.33	
61.91	
60.10	
52.82	
62.55	
62.21	
60.46	
65.74	
66.49	
67.79	
57.40	
65.14	
77.21	
67.84	
56.52	
48.34	
47.72	
53.12	
53.58	
45.69	
33.82	
28.51	
29.65	
33.03	
34.62	
29.63	
38.42	
35.62	
21.50	
25.67	
37.30	
31.09	
41.71	
35.39	
54.12	
63.18	
58.65	
55.21	
41.24	
44.65	
43.15	
41.33	
54.77	
55.54	
55.77	
55.58	
52.16	
48.46	
63.46	
47.79	
62.32	
68.73	
76.37	
73.05	
74.84	
60.06	
65.74	
64.53	
67.39	
71.38	
77.90	
65.66	
71.85	
72.49	
76.54	
73.17	
82.61	
78.88	
76.17	
76.08	
71.78	
66.77	
48.21	
35.54	
38.66	
44.76	
49.45	
63.32	
68.68	
78.93	
66.57	
71.27	
64.71	
61.84	
54.75	
55.61	
55.09	
65.06	
42.10	
54.72	
59.92	
59.39	
56.85	
56.74	
57.30	
62.05	
66.58	
58.91	
69.25	
61.42	
53.18	
53.22	
53.74	
46.97	
49.26	
49.77	
76.75	
66.19	
83.50	
80.50	
85.39	
77.81	
76.65	
71.87	
75.13	
72.50	
73.49	
69.32	
83.93	
82.48	
74.92	
69.51	
69.33	
78.77	
72.65	
69.99	
71.84	
69.08	
58.67	
66.03	
74.59	
69.89	
66.33	
72.41	
73.39	
61.09	
52.57	
61.03	
66.55	
78.59	
75.65	
79.02	
86.40	
73.69	
62.53	
57.27	
53.15	
48.87	
48.56	
28.27	
39.61	
43.53	
30.71	
47.52	
45.20	
46.70	
53.88	
45.99	
50.49	
56.18	
66.07	
69.73	
68.31	
60.27	
45.21	
39.84	
44.69	
47.57	
61.22	
60.01	
69.50	
66.30	
70.67	
73.02	
77.02	
79.91	
74.42	
66.71	
60.86	
53.01	
58.33	
60.18	
53.11	
58.29	
63.81	
48.05	
51.65	
53.13	
53.24	
67.24	
70.41	
70.76	
65.68	
61.33	
52.00	
46.71	
45.71	
54.84	
56.39	
71.88	
74.98	
76.50	
77.87	
73.88	
70.90	
68.38	
57.88	
51.09	
54.26	
56.73	
64.49	
59.08	
58.55	
57.08	
59.78	
63.64	
49.01	
41.89	
48.90	
42.91	
52.36	
48.70	
50.95	
54.91	
67.14	
83.12	
79.84	
72.42	
66.91	
75.16	
72.00	
56.75	
57.34	
35.19	
32.68	
39.17	
42.71	
45.60	
48.77	
53.78	
44.28	
61.94	
55.93	
73.95	
78.45	
78.23	
74.10	
85.41	
80.23	
73.11	
83.53	
86.28	
78.30	
80.84	
76.02	
79.08	
70.42	
85.86	
79.10	
75.92	
90.64	
82.52	
79.83	
71.64	
76.07	
61.16	
57.38	
63.89	
74.29	
71.33	
71.86	
68.60	
54.15	
53.64	
51.65	
44.45	
47.13	
51.79	
46.75	
51.85	
43.96	
48.38	
31.25	
30.03	
32.80	
35.17	
33.71	
43.66	
57.37	
55.51	
64.07	
55.37	
49.85	
44.07	
53.40	
40.38	
41.42	
42.69	
54.06	
47.50	
49.32	
55.84	
49.34	
49.40	
55.61	
55.27	
56.76	
72.33	
85.61	
79.45	
80.67	
78.58	
77.61	
72.32	
77.59	
81.53	
89.70	
83.76	
75.34	
69.17	
60.08	
62.06	
61.21	
66.06	
89.71	
84.82	
80.16	
80.66	
71.70	
73.66	
62.60	
59.47	
63.27	
77.32	
70.42	
66.34	
64.28	
58.85	
58.02	
64.56	
75.30	
62.94	
72.84	
75.02	
71.70	
71.85	
78.53	
73.42	
77.38	
69.97	
70.03	
63.17	
77.96	
72.77	
77.30	
77.53	
79.51	
74.61	
74.17	
72.70	
72.24	
87.24	
82.66	
82.89	
83.00	
78.73	
77.25	
69.50	
72.66	
70.66	
70.61	
62.66	
64.56	
68.17	
61.25	
56.24	
59.79	
66.12	
62.09	
62.97	
63.85	
60.70	
63.57	
53.35	
62.07	
65.33	
72.18	
56.64	
51.82	
33.01	
26.72	
40.33	
32.37	
35.33	
28.53	
34.75	
47.74	
35.91	
42.65	
35.30	
31.50	
33.01	
35.54	
28.90	
44.93	
42.01	
45.41	
40.18	
32.75	
29.08	
23.47	
33.38	
36.61	
43.27	
37.70	
50.89	
51.28	
43.83	
49.27	
48.21	
56.30	
63.36	
56.61	
68.51	
71.56	
66.72	
81.42	
71.48	
58.63	
59.87	
55.38	
57.70	
59.59	
63.13	
65.10	
59.34	
71.34	
68.93	
68.03	
76.41	
73.18	
71.19	
69.27	
49.11	
51.63	
37.01	
38.97	
25.19	
25.46	
24.60	
29.93	
27.51	
42.22	
49.72	
52.70	
55.53	
60.88	
52.49	
49.84	
51.63	
50.48	
52.80	
56.07	
46.09	
47.75	
57.85	
55.40	
45.67	
40.55	
45.28	
31.65	
30.96	
33.23	
33.52	
35.71	
48.70	
38.62	
58.38	
55.77	
52.43	
50.82	
48.17	
35.07	
30.16	
32.23	
19.85	
22.15	
15.16	
21.31	
21.32	
20.70	
24.20	
31.74	
39.63	
28.42	
35.96	
43.37	
32.50	
39.96	
37.69	
47.90	
50.22	
47.40	
45.71	
36.57	
45.27	
52.50	
54.34	
53.59	
35.59	
44.95	
43.74	
40.39	
38.12	
45.95	
36.31	
42.45	
34.20	
40.82	
36.94	
50.98	
57.33	
54.16	
44.63	
37.42	
26.25	
42.22	
46.93	
60.44	
46.94	
42.41	
38.87	
45.24	
40.41	
52.16	
46.71	
48.43	
50.57	
48.44	
59.21	
65.80	
67.89	
75.99	
63.05	
62.24	
73.50	
81.93	
78.44	
68.43	
67.01	
58.54	
60.91	
54.92	
55.58	
48.15	
50.11	
29.90	
33.53	
29.33	
34.96	
32.13	
27.32	
36.09	
29.45	
23.70	
35.63	
45.48	
29.76	
36.73	
32.03	
33.52	
35.85	
54.79	
52.88	
33.22	
44.61	
49.76	
53.14	
63.04	
62.34	
58.70	
58.53	
60.39	
63.89	
66.24	
65.49	
68.03	
59.84	
57.45	
64.09	
53.37	
52.86	
49.33	
42.53	
42.77	
60.28	
39.74	
28.73	
26.66	
28.07	
43.71	
41.79	
34.37	
44.38	
27.52	
19.76	
14.03	
13.26	
19.96	
18.69	
23.89	
40.87	
37.14	
32.68	
28.78	
27.55	
36.34	
22.77	
24.25	
28.97	
29.99	
23.96	
32.23	
27.03	
33.10	
30.92	
33.44	
26.65	
37.99	
23.09	
25.38	
29.82	
25.34	
24.83	
41.26	
33.84	
40.29	
25.94	
30.41	
15.04	
23.59	
15.09	
8.13	
9.73	
36.98	
42.09	
45.54	
30.45	
41.56	
40.54	
45.42	
40.33	
59.71	
59.53	
58.38	
55.41	
60.43	
49.44	
41.57	
48.86	
59.19	
72.90	
77.43	
71.61	
72.22	
81.69	
91.06	
86.25	
85.17	
69.42	
69.92	
81.57	
73.17	
81.87	
88.15	
94.50	
92.46	
92.85	
96.88	
84.65	
79.80	
83.81	
89.59	
89.16	
88.23	
95.59	
81.38	
81.97	
88.48	
83.91	
84.02	
80.23	
81.23	
91.45	
86.23	
76.86	
77.90	
77.54	
66.73	
64.59	
66.27	
72.27	
77.18	
85.00	
84.57	
86.03	
88.34	
83.33	
75.23	
73.89	
78.25	
75.91	
66.82	
74.83	
66.57	
72.70	
83.07	
75.72	
85.77	
77.50	
70.89	
69.70	
67.52	
70.96	
70.78	
72.87	
69.57	
71.66	
75.89	
79.72	
73.66	
73.02	
64.81	
69.87	
66.07	
79.76	
71.80	
66.94	
65.82	
66.09	
60.75	
61.16	
57.71	
44.17	
49.25	
43.10	
55.37	
52.96	
56.98	
59.40	
65.23	
68.21	
72.39	
78.53	
72.62	
74.85	
68.70	
68.56	
68.00	
61.21	
55.94	
46.28	
25.48	
20.06	
35.90	
35.28	
30.73	
46.57	
37.70	
27.13	
38.16	
37.52	
23.73	
29.63	
38.32	
33.39	
37.01	
43.37	
36.98	
40.14	
29.32	
18.36	
38.29	
44.05	
45.10	
46.60	
26.26	
29.76	
32.29	
31.97	
29.39	
29.29	
20.97	
18.17	
22.57	
30.91	
43.35	
39.59	
19.33	
27.35	
31.08	
30.77	
41.95	
39.12	
35.72	
41.88	
30.32	
30.12	
27.66	
27.44	
18.05	
18.69	
20.78	
23.03	
16.79	
19.19	
27.52	
29.56	
30.79	
30.24	
24.32	
36.75	
36.58	
54.83	
57.15	
68.23	
71.58	
76.57	
83.94	
77.41	
79.85	
81.66	
93.49	
93.35	
90.74	
86.00	
80.33	
89.12	
80.01	
78.19	
76.73	
80.65	
79.64	
86.21	
77.86	
74.92	
78.81	
79.87	
81.32	
82.58	
91.23	
94.76	
97.26	
92.88	
94.73	
82.22	
86.11	
91.49	
87.35	
83.39	
80.55	
67.45	
72.42	
73.03	
54.49	
56.01	
69.69	
57.38	
68.18	
56.76	
49.56	
54.04	
62.49	
63.73	
62.77	
69.65	
60.60	
76.58	
73.19	
80.88	
69.50	
67.81	
53.29	
64.81	
57.27	
53.71	
46.51	
62.57	
51.45	
65.38	
62.62	
57.92	
61.60	
63.95	
68.03	
50.71	
68.62	
56.19	
50.54	
66.75	
59.42	
63.72	
57.10	
63.61	
63.10	
72.50	
70.74	
57.24	
62.97	
55.11	
62.17	
67.37	
69.62	
68.08	
79.28	
79.83	
84.45	
86.70	
78.93	
67.09	
61.53	
60.56	
58.72	
64.09	
66.09	
61.99	
69.42	
62.61	
62.27	
71.27	
76.66	
77.60	
71.32	
64.75	
56.82	
62.45	
49.27	
49.63	
57.03	
46.46	
49.50	
48.19	
36.22	
43.88	
44.20	
37.85	
29.23	
41.28	
32.46	
44.32	
40.45	
36.30	
27.38	
29.88	
27.53	
36.52	
24.92	
31.49	
41.95	
34.92	
35.76	
40.55	
43.54	
48.24	
54.90	
70.96	
67.74	
62.65	
68.47	
62.46	
68.64	
49.64	
46.43	
51.85	
62.19	
60.60	
61.96	
65.06	
67.41	
70.98	
76.36	
82.21	
83.00	
80.42	
92.53	
94.32	
95.15	
88.18	
91.84	
82.64	
98.22	
91.68	
103.82	
94.82	
102.10	
97.38	
98.38	
96.17	
87.20	
90.65	
85.90	
89.97	
93.82	
82.27	
89.38	
86.67	
84.81	
86.13	
80.47	
73.28	
82.34	
84.51	
84.30	
85.22	
80.05	
74.66	
79.50	
82.20	
88.02	
89.40	
87.27	
77.29	
72.76	
64.99	
69.31	
69.86	
61.32	
60.25	
50.97	
58.51	
63.50	
58.42	
42.17	
56.26	
56.26	
60.58	
62.38	
61.64	
52.48	
47.66	
47.50	
58.37	
51.44	
44.40	
51.00	
47.13	
50.71	
41.68	
50.72	
57.99	
58.41	
48.52	
43.43	
41.01	
48.60	
50.44	
68.28	
67.26	
70.11	
57.93	
41.07	
51.70	
