556-735	
24.00	
26.81	
29.27	
27.21	
21.42	
23.82	
21.52	
42.63	
39.32	
48.15	
59.84	
66.77	
62.05	
61.52	
53.58	
67.42	
77.25	
73.09	
77.89	
78.49	
61.08	
74.40	
72.03	
62.71	
54.90	
40.45	
50.24	
43.38	
33.35	
44.10	
45.87	
58.03	
69.07	
62.92	
66.61	
69.68	
66.26	
74.89	
88.36	
89.69	
83.89	
85.26	
78.80	
88.87	
92.95	
91.16	
93.56	
93.32	
88.49	
89.57	
74.20	
69.06	
60.46	
77.63	
82.01	
67.86	
72.19	
73.37	
75.84	
73.93	
71.01	
62.20	
67.59	
81.37	
65.58	
59.79	
62.67	
66.62	
77.76	
72.97	
73.01	
75.30	
79.55	
81.73	
78.87	
80.29	
69.53	
68.90	
69.58	
75.08	
78.63	
60.04	
60.74	
72.21	
67.32	
57.71	
55.96	
61.81	
64.05	
68.07	
76.53	
65.60	
79.01	
74.67	
73.37	
65.53	
72.10	
58.70	
56.80	
46.08	
43.64	
38.18	
40.92	
32.68	
35.51	
16.89	
37.84	
41.97	
49.25	
37.83	
24.92	
22.21	
17.15	
36.37	
32.70	
23.74	
21.15	
4.15	
26.08	
25.73	
31.01	
45.56	
26.71	
35.85	
49.06	
48.48	
38.26	
51.19	
49.39	
45.51	
59.31	
64.14	
56.48	
67.26	
77.94	
77.73	
80.09	
91.47	
85.71	
82.50	
87.10	
84.93	
62.58	
79.35	
99.39	
91.51	
92.31	
87.24	
100.35	
99.29	
93.12	
94.92	
91.92	
90.13	
82.71	
84.68	
87.63	
96.44	
93.17	
90.68	
75.22	
79.12	
69.81	
86.20	
78.46	
85.52	
82.74	
73.93	
78.64	
63.37	
66.56	
61.30	
57.40	
55.85	
57.54	
66.68	
67.31	
69.45	
64.72	
54.06	
61.17	
65.90	
59.45	
60.85	
59.14	
56.01	
46.71	
64.59	
55.22	
59.61	
68.77	
74.80	
74.05	
68.50	
66.14	
69.13	
67.14	
52.19	
60.37	
57.00	
64.12	
58.15	
42.46	
34.98	
32.87	
39.24	
50.71	
49.99	
54.73	
56.74	
71.87	
59.38	
66.51	
74.00	
63.77	
58.07	
55.15	
58.97	
51.87	
48.75	
64.77	
61.81	
79.12	
73.65	
68.71	
71.33	
71.80	
70.99	
64.14	
80.22	
64.25	
70.38	
70.46	
70.83	
84.92	
79.38	
81.66	
80.91	
76.99	
81.97	
75.94	
66.63	
60.63	
62.41	
53.23	
44.57	
51.70	
45.24	
44.89	
49.72	
52.31	
45.79	
44.55	
49.91	
50.55	
50.64	
42.53	
56.77	
56.31	
52.11	
52.91	
63.41	
63.75	
68.37	
66.80	
69.91	
67.88	
67.87	
66.81	
64.39	
67.13	
68.32	
53.75	
52.90	
51.66	
57.04	
68.14	
71.18	
77.33	
82.67	
73.59	
73.52	
69.88	
69.36	
78.13	
84.33	
88.15	
74.52	
77.49	
74.61	
69.19	
66.22	
64.85	
62.97	
73.66	
68.34	
76.05	
90.22	
85.30	
75.07	
71.10	
77.51	
80.71	
79.89	
71.59	
64.76	
56.79	
64.06	
70.85	
63.12	
72.97	
74.70	
61.69	
62.65	
73.96	
74.14	
71.06	
73.43	
70.28	
71.23	
78.57	
75.66	
86.87	
64.34	
76.40	
77.09	
72.80	
70.16	
65.60	
73.35	
72.83	
70.10	
58.07	
63.90	
68.39	
68.22	
63.41	
54.04	
56.81	
59.67	
60.55	
53.34	
57.86	
68.27	
73.07	
68.37	
62.41	
53.33	
50.80	
52.15	
61.73	
57.19	
58.52	
58.74	
61.75	
60.61	
54.99	
55.57	
43.24	
59.17	
59.73	
68.67	
63.73	
70.73	
65.69	
44.95	
46.90	
46.27	
41.57	
38.12	
29.81	
29.10	
16.43	
30.27	
29.08	
27.56	
42.89	
43.65	
52.13	
36.71	
35.08	
24.93	
41.77	
37.37	
53.34	
38.54	
32.89	
18.15	
23.76	
33.94	
14.97	
32.97	
17.26	
20.53	
15.57	
22.40	
30.07	
37.76	
40.93	
30.02	
13.52	
25.39	
25.59	
15.98	
26.85	
23.00	
29.25	
28.83	
16.38	
18.94	
27.85	
34.69	
27.79	
27.04	
21.29	
14.78	
15.23	
20.16	
30.12	
33.42	
25.71	
18.62	
37.57	
29.83	
38.56	
32.74	
35.50	
33.21	
36.49	
60.02	
49.30	
49.53	
57.01	
62.99	
59.33	
61.15	
53.60	
57.50	
62.55	
57.75	
59.40	
49.59	
54.34	
56.17	
64.63	
59.69	
59.84	
65.18	
72.69	
63.41	
65.96	
69.92	
70.03	
62.31	
62.35	
58.96	
46.95	
48.01	
45.16	
40.73	
30.41	
37.35	
52.24	
45.14	
54.83	
44.59	
47.43	
48.57	
54.22	
48.63	
42.15	
45.47	
41.89	
41.31	
42.71	
44.14	
36.43	
48.19	
56.63	
57.81	
53.63	
51.10	
38.35	
32.67	
26.66	
34.01	
41.77	
39.24	
57.39	
73.35	
69.66	
73.50	
76.39	
82.90	
65.84	
69.60	
60.59	
57.49	
47.29	
52.93	
40.92	
47.37	
55.86	
50.32	
38.67	
46.87	
38.91	
41.86	
44.54	
50.73	
61.47	
62.70	
67.60	
61.63	
60.25	
67.68	
61.64	
67.02	
46.09	
46.96	
59.40	
44.97	
41.06	
42.36	
37.80	
38.38	
49.47	
34.16	
34.55	
29.12	
35.67	
30.50	
30.94	
30.94	
32.30	
34.47	
43.21	
43.24	
34.59	
29.17	
37.65	
39.87	
33.71	
40.15	
50.80	
52.03	
65.27	
78.95	
69.93	
67.38	
69.33	
66.94	
40.82	
36.14	
40.69	
53.86	
48.29	
46.26	
50.63	
48.21	
33.68	
33.42	
33.80	
33.96	
50.64	
52.16	
63.46	
61.06	
64.66	
66.46	
66.99	
73.84	
55.23	
52.98	
51.99	
37.41	
34.27	
37.49	
36.46	
38.69	
41.03	
44.80	
51.49	
56.86	
61.34	
50.10	
52.74	
65.54	
58.00	
64.18	
59.40	
50.63	
65.74	
40.96	
59.11	
62.14	
58.94	
55.26	
67.73	
61.72	
65.34	
62.87	
53.01	
42.66	
44.03	
42.13	
17.76	
20.60	
21.88	
21.93	
37.29	
42.71	
44.21	
44.96	
35.00	
46.48	
42.40	
48.49	
49.90	
39.03	
49.40	
44.19	
63.02	
55.52	
60.67	
53.64	
56.04	
60.94	
59.79	
53.69	
61.42	
61.12	
61.79	
56.08	
49.86	
56.11	
59.02	
48.71	
49.38	
55.84	
59.51	
60.24	
61.44	
50.07	
54.89	
57.51	
62.29	
61.16	
55.74	
59.19	
68.27	
68.37	
70.91	
63.38	
68.30	
63.86	
69.05	
64.40	
74.79	
75.01	
82.01	
81.82	
79.52	
75.58	
52.20	
59.09	
67.43	
57.84	
77.53	
69.16	
75.41	
75.04	
84.52	
82.85	
75.57	
88.52	
87.04	
78.29	
93.43	
79.68	
84.17	
90.50	
97.34	
97.01	
98.93	
100.34	
94.55	
94.43	
82.83	
74.71	
86.10	
87.22	
85.42	
97.28	
94.60	
98.19	
90.43	
89.44	
94.19	
71.77	
76.54	
81.65	
79.00	
88.80	
93.16	
93.68	
85.57	
76.93	
78.75	
83.79	
76.19	
65.70	
57.07	
59.60	
65.23	
61.30	
62.93	
50.47	
62.51	
54.17	
64.86	
69.35	
75.02	
61.73	
60.45	
70.22	
71.19	
58.66	
60.41	
46.13	
42.22	
56.44	
42.21	
35.91	
32.46	
35.76	
43.43	
53.46	
58.46	
64.74	
74.80	
86.04	
83.85	
82.29	
86.63	
85.37	
84.70	
85.47	
85.80	
89.10	
89.92	
99.10	
100.75	
95.83	
92.47	
91.78	
87.45	
85.59	
87.85	
69.67	
73.10	
90.95	
86.00	
92.96	
87.14	
92.07	
85.03	
86.21	
67.97	
65.39	
59.83	
58.35	
57.07	
58.76	
49.61	
61.77	
44.36	
41.53	
56.79	
50.29	
56.33	
60.39	
67.02	
69.42	
76.97	
71.28	
78.01	
73.72	
72.38	
71.45	
73.54	
79.44	
75.64	
81.54	
81.70	
78.32	
81.39	
75.33	
84.83	
68.04	
69.95	
83.43	
73.87	
66.95	
73.22	
68.11	
66.86	
56.89	
56.91	
52.01	
52.26	
58.89	
51.21	
66.23	
57.64	
47.45	
43.42	
45.62	
51.59	
51.49	
52.17	
66.99	
82.93	
83.67	
85.08	
78.43	
77.42	
71.37	
81.31	
78.07	
66.40	
62.10	
60.69	
47.49	
58.61	
53.47	
48.82	
49.26	
50.69	
44.77	
50.37	
47.92	
43.85	
58.89	
66.95	
67.66	
64.56	
45.98	
65.95	
86.21	
86.65	
86.51	
78.14	
79.92	
81.66	
85.27	
77.28	
70.78	
70.58	
66.65	
63.40	
49.41	
42.19	
55.19	
55.58	
55.15	
55.70	
42.43	
52.21	
57.70	
58.67	
55.01	
67.43	
61.79	
71.04	
73.89	
81.73	
76.74	
85.78	
81.99	
83.02	
73.29	
70.82	
71.97	
73.79	
77.39	
69.02	
67.04	
70.74	
52.36	
47.29	
48.35	
61.48	
56.13	
61.16	
49.84	
50.34	
53.34	
44.46	
44.81	
33.54	
46.06	
43.09	
43.86	
49.56	
42.99	
52.62	
51.57	
46.03	
59.84	
68.24	
76.56	
71.51	
78.92	
77.36	
71.74	
67.27	
56.21	
55.84	
65.86	
67.86	
60.84	
46.36	
51.67	
57.98	
62.48	
72.03	
72.44	
64.36	
63.25	
63.22	
56.22	
52.66	
67.33	
58.64	
59.70	
49.95	
57.21	
66.09	
59.39	
58.83	
61.16	
59.09	
57.13	
49.67	
61.69	
65.20	
58.68	
52.66	
68.52	
71.92	
64.85	
51.27	
46.32	
44.94	
54.63	
46.17	
40.57	
45.37	
36.63	
30.87	
29.79	
34.07	
33.91	
33.92	
25.75	
25.82	
21.54	
36.74	
40.72	
42.72	
36.29	
51.08	
59.12	
56.76	
62.24	
41.84	
35.35	
44.19	
39.98	
45.94	
59.41	
60.23	
54.90	
43.87	
50.24	
55.79	
57.38	
62.21	
65.03	
62.56	
69.05	
73.88	
63.04	
66.88	
67.10	
68.56	
73.64	
68.30	
64.54	
69.15	
73.19	
74.97	
79.38	
81.06	
75.86	
72.15	
76.22	
75.17	
54.29	
45.05	
41.45	
42.97	
51.71	
46.51	
59.50	
68.75	
75.26	
77.63	
79.33	
66.05	
63.10	
55.73	
46.12	
50.26	
58.98	
43.20	
54.61	
48.28	
60.70	
64.51	
52.35	
66.60	
62.09	
66.90	
65.38	
77.79	
63.86	
57.29	
60.16	
60.35	
37.48	
58.30	
57.42	
75.29	
79.10	
74.64	
72.80	
74.82	
64.44	
70.91	
68.72	
74.23	
70.41	
77.63	
70.54	
74.63	
74.77	
80.29	
77.13	
70.00	
71.40	
79.27	
68.42	
67.08	
67.86	
55.94	
73.23	
76.28	
69.78	
69.35	
72.38	
73.10	
66.20	
53.88	
59.72	
61.85	
72.95	
68.30	
74.90	
80.52	
76.09	
74.97	
66.16	
59.08	
55.57	
46.25	
38.43	
43.49	
43.42	
36.72	
40.39	
37.28	
45.42	
52.30	
47.95	
50.54	
58.35	
64.31	
68.04	
71.84	
70.26	
53.09	
43.24	
45.18	
50.36	
53.97	
57.70	
57.83	
67.14	
69.12	
78.59	
81.36	
70.87	
74.55	
61.76	
54.49	
56.56	
62.87	
63.68	
61.24	
55.23	
56.96	
52.34	
58.82	
55.66	
52.27	
65.26	
64.26	
68.98	
65.29	
64.65	
56.79	
42.47	
39.32	
47.20	
57.32	
75.04	
82.65	
81.16	
76.29	
69.35	
70.61	
65.64	
66.86	
52.56	
61.75	
63.26	
66.19	
54.98	
54.52	
57.84	
57.41	
60.25	
50.79	
46.04	
44.05	
46.96	
55.68	
51.23	
48.22	
62.82	
69.06	
74.55	
83.49	
70.09	
68.52	
67.44	
73.86	
59.30	
56.43	
45.21	
36.11	
36.31	
46.16	
50.90	
47.83	
54.70	
40.78	
58.76	
58.96	
71.09	
73.65	
77.25	
80.23	
75.65	
83.50	
80.16	
81.94	
74.95	
78.08	
77.61	
74.84	
77.72	
72.43	
89.52	
78.17	
78.85	
78.60	
79.93	
81.38	
82.77	
64.48	
57.64	
65.61	
68.03	
73.94	
76.35	
75.87	
66.93	
65.84	
53.33	
53.25	
50.74	
53.13	
55.00	
40.64	
57.07	
47.72	
55.16	
39.35	
35.66	
35.87	
44.57	
43.39	
44.11	
57.79	
51.97	
58.33	
56.89	
42.72	
39.56	
57.17	
46.56	
44.74	
49.93	
49.02	
53.90	
59.60	
67.62	
59.50	
54.18	
56.59	
66.22	
64.27	
69.03	
78.13	
85.10	
86.21	
80.94	
69.83	
83.28	
70.78	
71.39	
85.86	
86.90	
74.93	
68.78	
64.98	
56.27	
67.63	
74.26	
81.33	
82.91	
76.28	
76.20	
69.03	
78.37	
72.12	
71.18	
62.92	
75.62	
59.24	
70.53	
63.57	
68.35	
55.62	
74.48	
78.95	
65.62	
68.29	
77.65	
71.11	
74.39	
74.62	
79.12	
68.83	
76.32	
76.19	
73.21	
69.40	
71.80	
70.29	
71.55	
73.26	
72.74	
76.66	
69.76	
66.21	
89.10	
80.84	
83.91	
81.11	
79.32	
72.98	
70.92	
77.73	
65.70	
67.62	
64.71	
58.48	
61.93	
62.94	
60.29	
62.97	
63.24	
60.65	
70.37	
66.50	
66.99	
60.23	
67.17	
63.76	
72.96	
69.57	
46.91	
50.07	
23.90	
18.38	
36.77	
24.17	
38.78	
24.26	
31.27	
37.63	
38.88	
28.82	
41.65	
40.61	
44.19	
47.07	
40.92	
50.20	
41.97	
44.22	
32.80	
32.02	
36.07	
30.98	
37.16	
32.72	
45.34	
33.41	
53.66	
55.34	
50.08	
46.48	
53.58	
64.31	
62.48	
59.26	
71.32	
61.93	
67.71	
76.80	
76.85	
67.16	
58.21	
67.40	
62.99	
61.30	
64.52	
66.06	
64.86	
73.49	
78.93	
69.32	
70.47	
66.40	
72.27	
61.18	
48.89	
44.89	
34.48	
36.64	
31.92	
28.20	
21.44	
28.48	
35.83	
46.83	
43.08	
55.59	
57.36	
64.22	
56.59	
47.44	
50.31	
45.46	
52.11	
49.23	
43.90	
43.67	
54.93	
50.58	
39.81	
38.70	
39.65	
46.46	
33.12	
37.70	
37.42	
33.76	
61.18	
46.62	
50.23	
48.96	
55.02	
47.04	
43.30	
31.14	
32.03	
27.35	
19.16	
33.17	
14.40	
27.41	
33.01	
21.27	
26.41	
29.60	
35.55	
24.12	
43.25	
38.87	
36.82	
30.83	
40.82	
55.28	
55.72	
41.52	
39.59	
28.44	
34.88	
47.94	
54.68	
43.70	
35.11	
41.26	
44.89	
40.53	
39.48	
43.70	
32.04	
30.37	
29.54	
32.75	
31.40	
48.30	
44.71	
53.46	
36.63	
35.40	
20.67	
37.89	
36.01	
49.43	
42.71	
50.29	
44.52	
45.49	
47.95	
50.24	
44.96	
47.15	
52.72	
58.69	
59.43	
68.50	
76.88	
70.88	
69.00	
56.14	
68.43	
84.98	
77.30	
69.45	
75.94	
69.86	
58.31	
58.99	
59.79	
52.79	
50.56	
37.69	
32.32	
30.96	
40.86	
23.63	
33.34	
34.76	
39.29	
23.37	
30.83	
38.58	
24.18	
28.70	
24.85	
32.27	
30.14	
47.47	
46.18	
44.80	
41.16	
49.86	
59.15	
56.06	
53.59	
54.97	
62.80	
61.20	
65.03	
61.85	
56.77	
65.30	
57.05	
48.69	
56.76	
62.18	
39.34	
39.21	
37.14	
47.56	
54.76	
41.34	
25.70	
22.07	
35.11	
40.17	
39.67	
31.22	
39.57	
15.10	
13.41	
6.54	
10.07	
23.21	
19.02	
20.95	
32.10	
35.41	
25.22	
28.54	
28.14	
28.29	
19.66	
31.93	
28.65	
21.71	
25.03	
25.07	
27.74	
28.45	
32.58	
33.59	
29.97	
37.07	
34.76	
31.50	
30.50	
28.49	
33.88	
40.35	
30.82	
44.30	
32.65	
26.91	
15.32	
23.76	
6.43	
10.82	
15.70	
35.47	
39.38	
42.61	
33.55	
45.62	
39.57	
44.16	
44.27	
47.65	
57.10	
63.07	
62.02	
57.34	
58.48	
49.28	
52.24	
58.46	
78.23	
85.51	
69.28	
72.96	
79.30	
86.02	
85.61	
80.87	
70.49	
71.79	
87.30	
78.33	
74.17	
81.04	
94.89	
93.44	
83.83	
97.11	
95.14	
83.46	
91.01	
90.75	
94.55	
92.69	
91.39	
86.89	
85.77	
87.35	
86.43	
84.49	
80.89	
85.79	
89.70	
79.61	
74.61	
68.49	
76.47	
70.95	
73.66	
69.75	
70.65	
78.51	
80.15	
79.15	
76.35	
86.30	
92.92	
80.27	
78.08	
75.87	
85.55	
67.37	
68.18	
66.73	
69.84	
85.39	
85.17	
82.51	
78.25	
69.16	
74.03	
70.90	
68.14	
72.73	
64.83	
69.28	
75.72	
68.21	
74.73	
82.89	
74.96	
72.14	
67.61	
67.02	
74.79	
63.93	
70.95	
64.40	
57.01	
53.19	
56.98	
55.99	
42.68	
41.60	
42.69	
57.57	
54.73	
58.89	
55.21	
64.00	
70.82	
76.87	
79.17	
76.59	
82.54	
76.67	
75.76	
66.24	
59.94	
50.73	
45.05	
27.36	
27.05	
34.01	
35.26	
33.81	
37.44	
38.53	
28.64	
33.07	
37.59	
24.24	
21.92	
39.90	
34.34	
40.45	
34.78	
40.37	
38.77	
26.66	
30.17	
36.04	
38.05	
44.81	
36.45	
18.27	
27.76	
24.91	
30.55	
29.08	
31.43	
18.33	
21.77	
26.40	
29.50	
35.90	
45.30	
30.17	
30.72	
27.75	
24.98	
30.51	
38.45	
34.33	
46.90	
30.14	
32.36	
34.29	
26.49	
15.56	
16.94	
14.78	
20.38	
16.99	
19.44	
24.60	
31.51	
38.45	
40.08	
27.96	
26.71	
34.54	
55.62	
58.57	
72.09	
69.98	
78.00	
84.61	
83.75	
71.08	
78.78	
83.45	
91.54	
90.25	
82.83	
84.20	
86.05	
86.28	
77.30	
79.84	
73.73	
76.98	
88.89	
85.63	
76.34	
77.40	
80.76	
84.49	
85.98	
84.68	
87.76	
85.98	
83.87	
92.50	
83.94	
87.12	
94.65	
82.05	
75.38	
83.50	
73.82	
74.88	
65.62	
63.66	
57.89	
68.95	
63.42	
70.07	
54.37	
55.58	
53.58	
64.26	
64.16	
69.94	
76.77	
71.57	
79.49	
69.35	
76.24	
76.02	
62.39	
61.82	
67.54	
60.09	
56.04	
42.94	
54.24	
52.64	
52.71	
63.81	
63.83	
64.34	
63.87	
59.15	
64.09	
69.54	
63.84	
52.46	
63.68	
54.89	
57.10	
59.76	
53.80	
53.63	
65.03	
75.49	
60.31	
66.69	
60.22	
76.52	
73.34	
72.61	
74.63	
73.33	
76.72	
81.54	
81.88	
70.83	
72.15	
63.30	
59.66	
60.31	
68.12	
64.02	
66.54	
77.81	
66.40	
69.65	
80.53	
74.78	
81.65	
75.94	
75.08	
57.75	
52.87	
41.47	
47.41	
52.27	
46.92	
51.66	
47.71	
39.45	
48.61	
37.83	
33.74	
28.19	
38.24	
37.66	
50.48	
46.79	
38.32	
32.28	
27.98	
24.17	
32.52	
27.52	
34.51	
33.16	
37.98	
42.38	
39.64	
48.83	
50.67	
57.56	
71.14	
66.81	
65.21	
71.07	
64.78	
66.09	
50.36	
38.21	
47.75	
55.68	
63.84	
66.40	
75.51	
69.41	
61.98	
75.06	
75.46	
86.03	
80.32	
88.60	
83.20	
89.98	
89.43	
87.53	
88.27	
95.57	
96.66	
100.95	
93.98	
96.43	
97.62	
97.80	
91.22	
89.15	
86.99	
93.68	
86.02	
91.50	
83.57	
88.30	
89.82	
85.91	
84.92	
87.55	
81.72	
88.36	
85.58	
91.88	
90.94	
82.51	
81.88	
79.55	
79.95	
90.32	
85.26	
85.19	
84.09	
79.83	
72.54	
70.40	
71.65	
55.30	
55.39	
50.28	
54.48	
58.73	
57.39	
51.43	
56.18	
57.49	
60.77	
58.67	
64.57	
56.89	
46.99	
41.18	
51.97	
54.13	
45.40	
42.17	
44.03	
47.80	
47.34	
47.41	
63.14	
56.94	
53.22	
44.38	
42.42	
52.53	
55.60	
77.17	
74.81	
65.08	
52.58	
48.25	
55.99	
