        0.0000  -1.414574   0.279040  -1.135534 
       10.0000  -1.422426   0.286635  -1.135791 
       20.0000  -1.425343   0.297030  -1.128313 
       30.0000  -1.422208   0.296883  -1.125325 
       40.0000  -1.414465   0.300209  -1.114256 
       50.0000  -1.417827   0.303139  -1.114689 
       60.0000  -1.413994   0.302286  -1.111708 
       70.0000  -1.413801   0.299037  -1.114763 
       80.0000  -1.421151   0.305595  -1.115556 
       90.0000  -1.419613   0.308188  -1.111425 
      100.0000  -1.417399   0.302727  -1.114671 
      110.0000  -1.413724   0.297648  -1.116076 
      120.0000  -1.412269   0.295408  -1.116861 
      130.0000  -1.409129   0.298996  -1.110132 
      140.0000  -1.419325   0.304263  -1.115062 
      150.0000  -1.409308   0.292592  -1.116717 
      160.0000  -1.414617   0.293016  -1.121601 
      170.0000  -1.418676   0.295363  -1.123313 
      180.0000  -1.417647   0.296909  -1.120738 
      190.0000  -1.408390   0.292108  -1.116283 
      200.0000  -1.414671   0.300017  -1.114654 
      210.0000  -1.412178   0.284770  -1.127408 
      220.0000  -1.417077   0.288881  -1.128196 
      230.0000  -1.419486   0.294188  -1.125298 
      240.0000  -1.412061   0.287136  -1.124925 
      250.0000  -1.418976   0.293698  -1.125277 
      260.0000  -1.423775   0.303721  -1.120055 
      270.0000  -1.416327   0.299537  -1.116791 
      280.0000  -1.431471   0.309035  -1.122436 
      290.0000  -1.425515   0.304508  -1.121008 
      300.0000  -1.411456   0.294061  -1.117395 
      310.0000  -1.417133   0.304321  -1.112813 
      320.0000  -1.416623   0.305526  -1.111097 
      330.0000  -1.421649   0.312983  -1.108666 
      340.0000  -1.409736   0.302139  -1.107596 
      350.0000  -1.413287   0.301099  -1.112187 
      360.0000  -1.406316   0.293962  -1.112354 
      370.0000  -1.407848   0.298084  -1.109764 
      380.0000  -1.413188   0.299933  -1.113254 
      390.0000  -1.416228   0.303327  -1.112901 
      400.0000  -1.414080   0.298069  -1.116011 
      410.0000  -1.426950   0.308509  -1.118442 
      420.0000  -1.409072   0.299749  -1.109323 
      430.0000  -1.413282   0.299936  -1.113346 
      440.0000  -1.412612   0.299736  -1.112876 
      450.0000  -1.415008   0.302710  -1.112298 
      460.0000  -1.414234   0.298864  -1.115370 
      470.0000  -1.420320   0.306557  -1.113763 
      480.0000  -1.418467   0.303682  -1.114785 
      490.0000  -1.404353   0.295389  -1.108964 
      500.0000  -1.410912   0.295256  -1.115656 
      510.0000  -1.417275   0.301113  -1.116162 
      520.0000  -1.403427   0.288058  -1.115370 
      530.0000  -1.418052   0.301081  -1.116971 
      540.0000  -1.412123   0.292283  -1.119840 
      550.0000  -1.413311   0.294065  -1.119246 
      560.0000  -1.419626   0.298957  -1.120669 
      570.0000  -1.426878   0.302587  -1.124291 
      580.0000  -1.421365   0.297162  -1.124203 
      590.0000  -1.425529   0.304401  -1.121128 
      600.0000  -1.417189   0.289656  -1.127533 
      610.0000  -1.422367   0.300286  -1.122081 
      620.0000  -1.417284   0.296068  -1.121216 
      630.0000  -1.419080   0.295972  -1.123108 
      640.0000  -1.421353   0.300352  -1.121001 
      650.0000  -1.419900   0.294975  -1.124925 
      660.0000  -1.417403   0.295634  -1.121769 
      670.0000  -1.417928   0.297082  -1.120846 
      680.0000  -1.413549   0.291368  -1.122181 
      690.0000  -1.410568   0.287142  -1.123427 
      700.0000  -1.417699   0.299615  -1.118085 
      710.0000  -1.410812   0.295705  -1.115108 
      720.0000  -1.413855   0.295434  -1.118421 
      730.0000  -1.422341   0.303415  -1.118927 
      740.0000  -1.419404   0.304315  -1.115089 
      750.0000  -1.406677   0.292339  -1.114338 
      760.0000  -1.398359   0.297914  -1.100444 
      770.0000  -1.408036   0.305528  -1.102508 
      780.0000  -1.397981   0.297916  -1.100065 
      790.0000  -1.407411   0.303377  -1.104034 
      800.0000  -1.414215   0.312158  -1.102057 
      810.0000  -1.406408   0.304446  -1.101962 
      820.0000  -1.404095   0.300281  -1.103815 
      830.0000  -1.401372   0.297418  -1.103954 
      840.0000  -1.391760   0.289282  -1.102478 
      850.0000  -1.401431   0.304649  -1.096782 
      860.0000  -1.401502   0.302216  -1.099286 
      870.0000  -1.401681   0.303549  -1.098132 
      880.0000  -1.405047   0.307131  -1.097917 
      890.0000  -1.391622   0.295630  -1.095992 
      900.0000  -1.399755   0.308737  -1.091017 
      910.0000  -1.401536   0.309600  -1.091936 
      920.0000  -1.395481   0.307448  -1.088033 
      930.0000  -1.391569   0.300185  -1.091385 
      940.0000  -1.401591   0.307048  -1.094543 
      950.0000  -1.405328   0.309289  -1.096038 
      960.0000  -1.406023   0.312252  -1.093771 
      970.0000  -1.394332   0.298158  -1.096173 
      980.0000  -1.399734   0.303651  -1.096083 
      990.0000  -1.400695   0.304161  -1.096534 
     1000.0000  -1.404738   0.308844  -1.095895 
     1010.0000  -1.391469   0.294319  -1.097150 
     1020.0000  -1.409197   0.305177  -1.104020 
     1030.0000  -1.405054   0.297558  -1.107495 
     1040.0000  -1.407685   0.301276  -1.106409 
     1050.0000  -1.392854   0.293643  -1.099211 
     1060.0000  -1.393280   0.289479  -1.103802 
     1070.0000  -1.409204   0.302097  -1.107106 
     1080.0000  -1.394258   0.295154  -1.099104 
     1090.0000  -1.408799   0.302806  -1.105994 
     1100.0000  -1.398305   0.291740  -1.106565 
     1110.0000  -1.411420   0.307489  -1.103931 
     1120.0000  -1.412309   0.305773  -1.106536 
     1130.0000  -1.404477   0.298203  -1.106274 
     1140.0000  -1.402691   0.299444  -1.103247 
     1150.0000  -1.410527   0.306276  -1.104251 
     1160.0000  -1.396315   0.298958  -1.097357 
     1170.0000  -1.397548   0.302361  -1.095187 
     1180.0000  -1.400946   0.299753  -1.101192 
     1190.0000  -1.404030   0.304855  -1.099175 
     1200.0000  -1.391335   0.300213  -1.091123 
     1210.0000  -1.391385   0.302613  -1.088771 
     1220.0000  -1.399647   0.310375  -1.089272 
     1230.0000  -1.383183   0.298744  -1.084439 
     1240.0000  -1.393726   0.308138  -1.085588 
     1250.0000  -1.386102   0.294842  -1.091260 
     1260.0000  -1.389317   0.297598  -1.091719 
     1270.0000  -1.393816   0.305399  -1.088417 
     1280.0000  -1.395388   0.306026  -1.089362 
     1290.0000  -1.388623   0.299067  -1.089556 
     1300.0000  -1.394196   0.297771  -1.096425 
     1310.0000  -1.396962   0.297320  -1.099642 
     1320.0000  -1.402848   0.297318  -1.105530 
     1330.0000  -1.403884   0.293741  -1.110142 
     1340.0000  -1.412397   0.301192  -1.111204 
     1350.0000  -1.399091   0.291291  -1.107800 
     1360.0000  -1.411208   0.301052  -1.110156 
     1370.0000  -1.404772   0.297386  -1.107386 
     1380.0000  -1.411595   0.299674  -1.111920 
     1390.0000  -1.414604   0.300694  -1.113909 
     1400.0000  -1.411713   0.304463  -1.107250 
     1410.0000  -1.417807   0.306571  -1.111236 
     1420.0000  -1.408255   0.301777  -1.106479 
     1430.0000  -1.413571   0.308143  -1.105428 
     1440.0000  -1.409229   0.308241  -1.100988 
     1450.0000  -1.404739   0.306164  -1.098574 
     1460.0000  -1.401335   0.302717  -1.098618 
     1470.0000  -1.405474   0.303153  -1.102321 
     1480.0000  -1.406103   0.300802  -1.105302 
     1490.0000  -1.415736   0.301148  -1.114588 
     1500.0000  -1.411661   0.292859  -1.118803 
     1510.0000  -1.402832   0.290158  -1.112674 
     1520.0000  -1.416968   0.304914  -1.112054 
     1530.0000  -1.411237   0.297744  -1.113494 
     1540.0000  -1.417291   0.292888  -1.124403 
     1550.0000  -1.418608   0.297812  -1.120796 
     1560.0000  -1.418547   0.299271  -1.119276 
     1570.0000  -1.415682   0.294352  -1.121329 
     1580.0000  -1.420818   0.299510  -1.121308 
     1590.0000  -1.408872   0.294476  -1.114395 
     1600.0000  -1.420044   0.302601  -1.117443 
     1610.0000  -1.427891   0.309502  -1.118389 
     1620.0000  -1.422659   0.308088  -1.114571 
     1630.0000  -1.407511   0.295967  -1.111544 
     1640.0000  -1.426070   0.311540  -1.114530 
     1650.0000  -1.412856   0.303132  -1.109725 
     1660.0000  -1.416618   0.307379  -1.109239 
     1670.0000  -1.420191   0.311228  -1.108963 
     1680.0000  -1.410662   0.306906  -1.103756 
     1690.0000  -1.401937   0.298544  -1.103392 
     1700.0000  -1.413756   0.299770  -1.113986 
     1710.0000  -1.416900   0.306262  -1.110638 
     1720.0000  -1.417922   0.308108  -1.109814 
     1730.0000  -1.408907   0.304240  -1.104667 
     1740.0000  -1.415851   0.310422  -1.105429 
     1750.0000  -1.406783   0.303139  -1.103644 
     1760.0000  -1.422739   0.310790  -1.111949 
     1770.0000  -1.408715   0.303117  -1.105598 
     1780.0000  -1.412023   0.301515  -1.110508 
     1790.0000  -1.411183   0.302995  -1.108188 
     1800.0000  -1.408489   0.302073  -1.106416 
     1810.0000  -1.410180   0.303790  -1.106390 
     1820.0000  -1.420821   0.307307  -1.113514 
     1830.0000  -1.419186   0.305072  -1.114114 
     1840.0000  -1.410427   0.302658  -1.107769 
     1850.0000  -1.403742   0.293760  -1.109983 
     1860.0000  -1.402589   0.294575  -1.108014 
     1870.0000  -1.412392   0.302346  -1.110047 
     1880.0000  -1.409217   0.293408  -1.115809 
     1890.0000  -1.411020   0.293018  -1.118002 
     1900.0000  -1.410346   0.294302  -1.116044 
     1910.0000  -1.418857   0.299192  -1.119665 
     1920.0000  -1.418942   0.293591  -1.125352 
     1930.0000  -1.429834   0.301557  -1.128276 
     1940.0000  -1.418659   0.296946  -1.121713 
     1950.0000  -1.420271   0.306128  -1.114143 
     1960.0000  -1.426716   0.305031  -1.121685 
     1970.0000  -1.430966   0.308792  -1.122174 
     1980.0000  -1.429879   0.304723  -1.125155 
     1990.0000  -1.419333   0.293155  -1.126178 
     2000.0000  -1.411302   0.291787  -1.119515 
     2010.0000  -1.419698   0.301332  -1.118366 
     2020.0000  -1.421510   0.304730  -1.116780 
     2030.0000  -1.412431   0.292045  -1.120386 
     2040.0000  -1.423659   0.302943  -1.120716 
     2050.0000  -1.407894   0.296257  -1.111637 
     2060.0000  -1.400842   0.291483  -1.109359 
     2070.0000  -1.409772   0.301322  -1.108450 
     2080.0000  -1.407828   0.302370  -1.105458 
     2090.0000  -1.408429   0.305541  -1.102889 
     2100.0000  -1.392500   0.292937  -1.099563 
     2110.0000  -1.400964   0.298158  -1.102806 
     2120.0000  -1.411430   0.308497  -1.102933 
     2130.0000  -1.404173   0.296009  -1.108164 
     2140.0000  -1.405034   0.301382  -1.103652 
     2150.0000  -1.409267   0.298061  -1.111206 
     2160.0000  -1.406575   0.300054  -1.106521 
     2170.0000  -1.405399   0.299670  -1.105728 
     2180.0000  -1.402317   0.305570  -1.096747 
     2190.0000  -1.406981   0.308402  -1.098579 
     2200.0000  -1.398543   0.308460  -1.090084 
     2210.0000  -1.403269   0.307825  -1.095445 
     2220.0000  -1.406146   0.309267  -1.096880 
     2230.0000  -1.398144   0.303108  -1.095036 
     2240.0000  -1.394952   0.298309  -1.096644 
     2250.0000  -1.401521   0.310045  -1.091476 
     2260.0000  -1.395364   0.302412  -1.092952 
     2270.0000  -1.400963   0.304032  -1.096931 
     2280.0000  -1.393193   0.294222  -1.098970 
     2290.0000  -1.396601   0.295878  -1.100722 
     2300.0000  -1.402612   0.302516  -1.100097 
     2310.0000  -1.405800   0.309790  -1.096010 
     2320.0000  -1.402730   0.302265  -1.100465 
     2330.0000  -1.392993   0.289289  -1.103704 
     2340.0000  -1.408771   0.304976  -1.103795 
     2350.0000  -1.396080   0.290230  -1.105850 
     2360.0000  -1.402782   0.302050  -1.100732 
     2370.0000  -1.397330   0.297607  -1.099723 
     2380.0000  -1.398372   0.294314  -1.104059 
     2390.0000  -1.400639   0.295899  -1.104740 
     2400.0000  -1.409547   0.301910  -1.107636 
     2410.0000  -1.398982   0.293761  -1.105221 
     2420.0000  -1.406299   0.307400  -1.098899 
     2430.0000  -1.396294   0.292602  -1.103693 
     2440.0000  -1.399455   0.294116  -1.105339 
     2450.0000  -1.395263   0.286274  -1.108989 
     2460.0000  -1.402529   0.295934  -1.106595 
     2470.0000  -1.399986   0.300677  -1.099310 
     2480.0000  -1.402617   0.303195  -1.099422 
     2490.0000  -1.391881   0.295611  -1.096270 
     2500.0000  -1.397358   0.299607  -1.097751 
     2510.0000  -1.404797   0.312134  -1.092663 
     2520.0000  -1.388757   0.296802  -1.091954 
     2530.0000  -1.399798   0.306219  -1.093579 
     2540.0000  -1.399053   0.304960  -1.094093 
     2550.0000  -1.386524   0.297423  -1.089101 
     2560.0000  -1.392415   0.301458  -1.090957 
     2570.0000  -1.397283   0.302030  -1.095253 
     2580.0000  -1.388748   0.295404  -1.093344 
     2590.0000  -1.399552   0.303094  -1.096458 
     2600.0000  -1.390141   0.291221  -1.098920 
     2610.0000  -1.403988   0.307061  -1.096927 
     2620.0000  -1.393219   0.294915  -1.098304 
     2630.0000  -1.397507   0.298642  -1.098864 
     2640.0000  -1.407870   0.309042  -1.098828 
     2650.0000  -1.400342   0.308049  -1.092293 
     2660.0000  -1.401600   0.303819  -1.097781 
     2670.0000  -1.394633   0.297084  -1.097549 
     2680.0000  -1.398888   0.304842  -1.094046 
     2690.0000  -1.401114   0.298140  -1.102974 
     2700.0000  -1.408137   0.294352  -1.113785 
     2710.0000  -1.410918   0.301040  -1.109878 
     2720.0000  -1.408433   0.301631  -1.106802 
     2730.0000  -1.399522   0.293893  -1.105628 
     2740.0000  -1.404515   0.299159  -1.105356 
     2750.0000  -1.405042   0.303035  -1.102007 
     2760.0000  -1.398505   0.292450  -1.106055 
     2770.0000  -1.406176   0.290122  -1.116055 
     2780.0000  -1.399716   0.289641  -1.110075 
     2790.0000  -1.402156   0.295230  -1.106926 
     2800.0000  -1.400240   0.293606  -1.106634 
     2810.0000  -1.403189   0.296989  -1.106201 
     2820.0000  -1.414512   0.300643  -1.113869 
     2830.0000  -1.412187   0.295836  -1.116352 
     2840.0000  -1.413259   0.297265  -1.115994 
     2850.0000  -1.409732   0.299112  -1.110620 
     2860.0000  -1.416407   0.307124  -1.109283 
     2870.0000  -1.408051   0.293934  -1.114117 
     2880.0000  -1.415075   0.294957  -1.120117 
     2890.0000  -1.424907   0.296467  -1.128440 
     2900.0000  -1.423336   0.302459  -1.120877 
     2910.0000  -1.409745   0.290647  -1.119098 
     2920.0000  -1.414744   0.294732  -1.120012 
     2930.0000  -1.417478   0.295487  -1.121991 
     2940.0000  -1.411044   0.291144  -1.119900 
     2950.0000  -1.411303   0.293431  -1.117872 
     2960.0000  -1.422996   0.301445  -1.121551 
     2970.0000  -1.413984   0.292159  -1.121825 
     2980.0000  -1.421752   0.301886  -1.119867 
     2990.0000  -1.411506   0.299698  -1.111808 
     3000.0000  -1.419205   0.311042  -1.108163 
     3010.0000  -1.412267   0.300840  -1.111427 
     3020.0000  -1.411896   0.295902  -1.115994 
     3030.0000  -1.419444   0.306003  -1.113441 
     3040.0000  -1.424193   0.309848  -1.114345 
     3050.0000  -1.422814   0.306158  -1.116656 
     3060.0000  -1.418207   0.303457  -1.114750 
     3070.0000  -1.416958   0.299802  -1.117156 
     3080.0000  -1.417044   0.297801  -1.119243 
     3090.0000  -1.417438   0.301886  -1.115551 
     3100.0000  -1.427199   0.307331  -1.119868 
     3110.0000  -1.417023   0.299279  -1.117744 
     3120.0000  -1.414383   0.296087  -1.118296 
     3130.0000  -1.423368   0.306240  -1.117129 
     3140.0000  -1.420167   0.290191  -1.129977 
     3150.0000  -1.415686   0.284237  -1.131449 
     3160.0000  -1.417916   0.291953  -1.125963 
     3170.0000  -1.415474   0.292251  -1.123222 
     3180.0000  -1.417740   0.291149  -1.126591 
     3190.0000  -1.420527   0.292280  -1.128247 
     3200.0000  -1.423646   0.297097  -1.126548 
     3210.0000  -1.419030   0.298328  -1.120702 
     3220.0000  -1.426858   0.305712  -1.121147 
     3230.0000  -1.419272   0.307239  -1.112033 
     3240.0000  -1.417360   0.303914  -1.113446 
     3250.0000  -1.412261   0.297475  -1.114786 
     3260.0000  -1.415333   0.303532  -1.111801 
     3270.0000  -1.413634   0.306238  -1.107396 
     3280.0000  -1.414801   0.304040  -1.110761 
     3290.0000  -1.410222   0.300124  -1.110097 
     3300.0000  -1.406199   0.296144  -1.110055 
     3310.0000  -1.410557   0.295046  -1.115511 
     3320.0000  -1.413798   0.294946  -1.118852 
     3330.0000  -1.411144   0.297919  -1.113225 
     3340.0000  -1.404443   0.294529  -1.109913 
     3350.0000  -1.423402   0.309545  -1.113857 
     3360.0000  -1.413253   0.300072  -1.113181 
     3370.0000  -1.404604   0.292348  -1.112255 
     3380.0000  -1.410249   0.299927  -1.110322 
     3390.0000  -1.408726   0.300536  -1.108190 
     3400.0000  -1.407217   0.298539  -1.108678 
     3410.0000  -1.398828   0.294021  -1.104807 
     3420.0000  -1.405106   0.298866  -1.106240 
     3430.0000  -1.415255   0.306508  -1.108747 
     3440.0000  -1.406164   0.305569  -1.100595 
     3450.0000  -1.406945   0.298065  -1.108880 
     3460.0000  -1.399247   0.290703  -1.108544 
     3470.0000  -1.400605   0.305620  -1.094986 
     3480.0000  -1.405165   0.307348  -1.097817 
     3490.0000  -1.399896   0.301525  -1.098371 
     3500.0000  -1.401705   0.301932  -1.099773 
     3510.0000  -1.408456   0.310306  -1.098150 
     3520.0000  -1.407438   0.310923  -1.096514 
     3530.0000  -1.407570   0.308887  -1.098683 
     3540.0000  -1.398956   0.300443  -1.098513 
     3550.0000  -1.404391   0.303610  -1.100782 
     3560.0000  -1.415315   0.308705  -1.106610 
     3570.0000  -1.403445   0.293428  -1.110017 
     3580.0000  -1.407613   0.300024  -1.107589 
     3590.0000  -1.410657   0.299996  -1.110661 
     3600.0000  -1.412830   0.293888  -1.118942 
     3610.0000  -1.426328   0.300714  -1.125614 
     3620.0000  -1.416895   0.302522  -1.114373 
     3630.0000  -1.416655   0.297363  -1.119292 
     3640.0000  -1.426852   0.302016  -1.124837 
     3650.0000  -1.414039   0.293684  -1.120355 
     3660.0000  -1.412807   0.287798  -1.125009 
     3670.0000  -1.426287   0.303127  -1.123159 
     3680.0000  -1.416226   0.288881  -1.127345 
     3690.0000  -1.426981   0.299718  -1.127263 
     3700.0000  -1.422598   0.291010  -1.131588 
     3710.0000  -1.434053   0.303131  -1.130923 
     3720.0000  -1.424873   0.295712  -1.129161 
     3730.0000  -1.422917   0.294812  -1.128104 
     3740.0000  -1.419743   0.298510  -1.121233 
     3750.0000  -1.417418   0.291638  -1.125779 
     3760.0000  -1.426629   0.300663  -1.125965 
     3770.0000  -1.418613   0.299513  -1.119100 
     3780.0000  -1.419140   0.304206  -1.114934 
     3790.0000  -1.413161   0.299809  -1.113353 
     3800.0000  -1.414529   0.297596  -1.116933 
     3810.0000  -1.424655   0.303225  -1.121430 
     3820.0000  -1.424416   0.303081  -1.121335 
     3830.0000  -1.431375   0.304603  -1.126772 
     3840.0000  -1.430638   0.301776  -1.128862 
     3850.0000  -1.424771   0.293156  -1.131615 
     3860.0000  -1.433531   0.304467  -1.129064 
     3870.0000  -1.427564   0.299381  -1.128183 
     3880.0000  -1.421824   0.297108  -1.124716 
     3890.0000  -1.418897   0.296983  -1.121914 
     3900.0000  -1.419052   0.297252  -1.121800 
     3910.0000  -1.413631   0.290800  -1.122830 
     3920.0000  -1.429696   0.304352  -1.125344 
     3930.0000  -1.420536   0.300015  -1.120521 
     3940.0000  -1.426818   0.304519  -1.122300 
     3950.0000  -1.411734   0.288512  -1.123222 
     3960.0000  -1.428433   0.302033  -1.126400 
     3970.0000  -1.424278   0.301501  -1.122777 
     3980.0000  -1.416047   0.296386  -1.119662 
     3990.0000  -1.410146   0.291961  -1.118185 
     4000.0000  -1.427361   0.302965  -1.124396 
     4010.0000  -1.428489   0.303565  -1.124924 
     4020.0000  -1.423860   0.303074  -1.120786 
     4030.0000  -1.417414   0.297918  -1.119496 
     4040.0000  -1.430447   0.303728  -1.126719 
     4050.0000  -1.431165   0.300993  -1.130173 
     4060.0000  -1.428123   0.298796  -1.129326 
     4070.0000  -1.426594   0.294826  -1.131768 
     4080.0000  -1.435366   0.301448  -1.133919 
     4090.0000  -1.426511   0.291888  -1.134623 
     4100.0000  -1.440534   0.298830  -1.141705 
     4110.0000  -1.427999   0.291107  -1.136893 
     4120.0000  -1.429897   0.294784  -1.135113 
     4130.0000  -1.431442   0.301813  -1.129629 
     4140.0000  -1.425809   0.301198  -1.124612 
     4150.0000  -1.420308   0.291542  -1.128766 
     4160.0000  -1.421347   0.295206  -1.126140 
     4170.0000  -1.428721   0.298563  -1.130157 
     4180.0000  -1.411235   0.290506  -1.120729 
     4190.0000  -1.420769   0.296265  -1.124504 
     4200.0000  -1.422611   0.301008  -1.121603 
     4210.0000  -1.421172   0.298333  -1.122840 
     4220.0000  -1.421688   0.294996  -1.126692 
     4230.0000  -1.427629   0.301299  -1.126329 
     4240.0000  -1.427089   0.295446  -1.131644 
     4250.0000  -1.413106   0.289194  -1.123911 
     4260.0000  -1.428805   0.306778  -1.122026 
     4270.0000  -1.417789   0.302039  -1.115750 
     4280.0000  -1.414454   0.297124  -1.117330 
     4290.0000  -1.409369   0.296900  -1.112469 
     4300.0000  -1.403276   0.292383  -1.110893 
     4310.0000  -1.415332   0.299763  -1.115569 
     4320.0000  -1.402150   0.287767  -1.114383 
     4330.0000  -1.420722   0.302920  -1.117802 
     4340.0000  -1.413465   0.295273  -1.118192 
     4350.0000  -1.420392   0.289189  -1.131203 
     4360.0000  -1.422402   0.297846  -1.124557 
     4370.0000  -1.417185   0.287831  -1.129354 
     4380.0000  -1.422643   0.293757  -1.128886 
     4390.0000  -1.422916   0.301281  -1.121635 
     4400.0000  -1.411128   0.286814  -1.124315 
     4410.0000  -1.421953   0.300794  -1.121160 
     4420.0000  -1.413330   0.297533  -1.115797 
     4430.0000  -1.419019   0.299561  -1.119458 
     4440.0000  -1.413691   0.294373  -1.119319 
     4450.0000  -1.421679   0.301676  -1.120003 
     4460.0000  -1.420665   0.301432  -1.119234 
     4470.0000  -1.423274   0.306976  -1.116297 
     4480.0000  -1.415947   0.299413  -1.116534 
     4490.0000  -1.428445   0.307221  -1.121224 
     4500.0000  -1.421569   0.296152  -1.125417 
     4510.0000  -1.415561   0.293607  -1.121955 
     4520.0000  -1.414890   0.291843  -1.123047 
     4530.0000  -1.419944   0.298914  -1.121030 
     4540.0000  -1.417757   0.300429  -1.117328 
     4550.0000  -1.405474   0.288787  -1.116686 
     4560.0000  -1.407423   0.289152  -1.118272 
     4570.0000  -1.420199   0.303442  -1.116756 
     4580.0000  -1.407390   0.293279  -1.114111 
     4590.0000  -1.410662   0.292205  -1.118457 
     4600.0000  -1.415504   0.291896  -1.123608 
     4610.0000  -1.404974   0.281401  -1.123573 
     4620.0000  -1.419682   0.293674  -1.126008 
     4630.0000  -1.419334   0.292456  -1.126878 
     4640.0000  -1.419711   0.294219  -1.125492 
     4650.0000  -1.410378   0.287852  -1.122526 
     4660.0000  -1.410459   0.293751  -1.116708 
     4670.0000  -1.403488   0.285435  -1.118053 
     4680.0000  -1.411295   0.300365  -1.110930 
     4690.0000  -1.411182   0.299935  -1.111247 
     4700.0000  -1.415782   0.300950  -1.114832 
     4710.0000  -1.410779   0.299453  -1.111326 
     4720.0000  -1.407659   0.292485  -1.115174 
     4730.0000  -1.402097   0.301628  -1.100469 
     4740.0000  -1.410081   0.303274  -1.106806 
     4750.0000  -1.401329   0.292421  -1.108908 
     4760.0000  -1.405751   0.302203  -1.103548 
     4770.0000  -1.404100   0.301257  -1.102843 
     4780.0000  -1.408870   0.300478  -1.108393 
     4790.0000  -1.405941   0.296790  -1.109151 
     4800.0000  -1.404750   0.297136  -1.107614 
     4810.0000  -1.420026   0.315016  -1.105010 
     4820.0000  -1.405971   0.302175  -1.103796 
     4830.0000  -1.398084   0.293861  -1.104223 
     4840.0000  -1.411986   0.308557  -1.103429 
     4850.0000  -1.411816   0.304540  -1.107275 
     4860.0000  -1.397392   0.299539  -1.097854 
     4870.0000  -1.401485   0.305436  -1.096049 
     4880.0000  -1.412015   0.313767  -1.098249 
     4890.0000  -1.413597   0.305968  -1.107629 
     4900.0000  -1.413667   0.300101  -1.113566 
     4910.0000  -1.409627   0.299863  -1.109763 
     4920.0000  -1.410612   0.299525  -1.111088 
     4930.0000  -1.418411   0.308142  -1.110269 
     4940.0000  -1.409720   0.304724  -1.104996 
     4950.0000  -1.407640   0.302057  -1.105583 
     4960.0000  -1.409844   0.305239  -1.104605 
     4970.0000  -1.410780   0.305243  -1.105537 
     4980.0000  -1.406993   0.296004  -1.110990 
     4990.0000  -1.410637   0.296197  -1.114440 
     5000.0000  -1.410956   0.300648  -1.110308 
     5010.0000  -1.404004   0.297073  -1.106931 
     5020.0000  -1.410909   0.301953  -1.108956 
     5030.0000  -1.414543   0.300152  -1.114392 
     5040.0000  -1.410190   0.295856  -1.114334 
     5050.0000  -1.415922   0.296470  -1.119451 
     5060.0000  -1.408480   0.292188  -1.116292 
     5070.0000  -1.419896   0.306290  -1.113606 
     5080.0000  -1.415327   0.296505  -1.118822 
     5090.0000  -1.411823   0.294948  -1.116875 
     5100.0000  -1.418016   0.299535  -1.118482 
     5110.0000  -1.417446   0.298904  -1.118542 
     5120.0000  -1.410529   0.297803  -1.112726 
     5130.0000  -1.418858   0.302412  -1.116446 
     5140.0000  -1.414821   0.307231  -1.107589 
     5150.0000  -1.421640   0.311769  -1.109871 
     5160.0000  -1.416769   0.311101  -1.105668 
     5170.0000  -1.409204   0.307696  -1.101508 
     5180.0000  -1.400347   0.303447  -1.096900 
     5190.0000  -1.404695   0.301911  -1.102785 
     5200.0000  -1.403244   0.298444  -1.104800 
     5210.0000  -1.406703   0.303711  -1.102992 
     5220.0000  -1.407007   0.295103  -1.111904 
     5230.0000  -1.410931   0.298225  -1.112706 
     5240.0000  -1.417235   0.306573  -1.110662 
     5250.0000  -1.409767   0.296129  -1.113638 
     5260.0000  -1.415058   0.305905  -1.109153 
     5270.0000  -1.410364   0.296820  -1.113544 
     5280.0000  -1.401300   0.291608  -1.109692 
     5290.0000  -1.413370   0.302537  -1.110832 
     5300.0000  -1.421753   0.312642  -1.109111 
     5310.0000  -1.410873   0.304419  -1.106454 
     5320.0000  -1.401091   0.301527  -1.099564 
     5330.0000  -1.404033   0.304722  -1.099310 
     5340.0000  -1.401124   0.307636  -1.093488 
     5350.0000  -1.401377   0.307428  -1.093949 
     5360.0000  -1.399108   0.303281  -1.095827 
     5370.0000  -1.394082   0.297427  -1.096656 
     5380.0000  -1.393803   0.300395  -1.093408 
     5390.0000  -1.395394   0.305590  -1.089804 
     5400.0000  -1.399206   0.309789  -1.089417 
     5410.0000  -1.400607   0.310621  -1.089986 
     5420.0000  -1.398582   0.308499  -1.090083 
     5430.0000  -1.402845   0.314395  -1.088450 
     5440.0000  -1.395150   0.308449  -1.086701 
     5450.0000  -1.393611   0.311793  -1.081818 
     5460.0000  -1.390589   0.300697  -1.089893 
     5470.0000  -1.389472   0.303278  -1.086194 
     5480.0000  -1.390967   0.302174  -1.088793 
     5490.0000  -1.399386   0.302895  -1.096491 
     5500.0000  -1.415528   0.319562  -1.095967 
     5510.0000  -1.405475   0.306394  -1.099081 
     5520.0000  -1.397663   0.295384  -1.102279 
     5530.0000  -1.395877   0.294797  -1.101080 
     5540.0000  -1.405527   0.311606  -1.093922 
     5550.0000  -1.401898   0.306135  -1.095764 
     5560.0000  -1.401584   0.310877  -1.090707 
     5570.0000  -1.400043   0.308705  -1.091338 
     5580.0000  -1.402682   0.307304  -1.095378 
     5590.0000  -1.401130   0.300081  -1.101050 
     5600.0000  -1.416136   0.315447  -1.100689 
     5610.0000  -1.404622   0.301213  -1.103409 
     5620.0000  -1.408527   0.300966  -1.107561 
     5630.0000  -1.396525   0.295622  -1.100903 
     5640.0000  -1.411427   0.305808  -1.105619 
     5650.0000  -1.403017   0.296046  -1.106972 
     5660.0000  -1.408341   0.300506  -1.107835 
     5670.0000  -1.401030   0.290204  -1.110826 
     5680.0000  -1.400264   0.289862  -1.110402 
     5690.0000  -1.405847   0.290392  -1.115455 
     5700.0000  -1.409992   0.295531  -1.114461 
     5710.0000  -1.410098   0.295771  -1.114328 
     5720.0000  -1.413971   0.304594  -1.109378 
     5730.0000  -1.411464   0.305901  -1.105563 
     5740.0000  -1.400958   0.292138  -1.108820 
     5750.0000  -1.405376   0.298503  -1.106873 
     5760.0000  -1.405571   0.297996  -1.107575 
     5770.0000  -1.409487   0.305481  -1.104006 
     5780.0000  -1.404170   0.299050  -1.105120 
     5790.0000  -1.400590   0.294312  -1.106278 
     5800.0000  -1.407734   0.301834  -1.105900 
     5810.0000  -1.405604   0.297747  -1.107856 
     5820.0000  -1.404461   0.299452  -1.105009 
     5830.0000  -1.399075   0.294638  -1.104437 
     5840.0000  -1.401858   0.296950  -1.104908 
     5850.0000  -1.409786   0.308316  -1.101470 
     5860.0000  -1.404787   0.303006  -1.101780 
     5870.0000  -1.410051   0.301320  -1.108731 
     5880.0000  -1.410585   0.307159  -1.103427 
     5890.0000  -1.415178   0.306701  -1.108477 
     5900.0000  -1.410038   0.308899  -1.101139 
     5910.0000  -1.418857   0.312190  -1.106666 
     5920.0000  -1.400513   0.302918  -1.097595 
     5930.0000  -1.408111   0.311244  -1.096868 
     5940.0000  -1.411944   0.315920  -1.096024 
     5950.0000  -1.404400   0.303115  -1.101285 
     5960.0000  -1.406622   0.308827  -1.097795 
     5970.0000  -1.395377   0.304785  -1.090592 
     5980.0000  -1.399669   0.313359  -1.086310 
     5990.0000  -1.384949   0.297554  -1.087395 
     6000.0000  -1.394662   0.308097  -1.086565 
     6010.0000  -1.400916   0.314222  -1.086694 
     6020.0000  -1.394266   0.308891  -1.085375 
     6030.0000  -1.402535   0.313350  -1.089184 
     6040.0000  -1.398976   0.304221  -1.094755 
     6050.0000  -1.390738   0.307946  -1.082792 
     6060.0000  -1.397951   0.312930  -1.085021 
     6070.0000  -1.401393   0.313218  -1.088176 
     6080.0000  -1.400757   0.300762  -1.099994 
     6090.0000  -1.407212   0.301898  -1.105315 
     6100.0000  -1.410920   0.303288  -1.107632 
     6110.0000  -1.414373   0.306503  -1.107870 
     6120.0000  -1.412867   0.303628  -1.109239 
     6130.0000  -1.416318   0.304606  -1.111712 
     6140.0000  -1.424588   0.308771  -1.115817 
     6150.0000  -1.413417   0.301294  -1.112123 
     6160.0000  -1.408566   0.298143  -1.110423 
     6170.0000  -1.426258   0.311685  -1.114573 
     6180.0000  -1.416169   0.301606  -1.114563 
     6190.0000  -1.400812   0.290394  -1.110418 
     6200.0000  -1.417097   0.297676  -1.119420 
     6210.0000  -1.421664   0.300489  -1.121176 
     6220.0000  -1.421453   0.298301  -1.123152 
     6230.0000  -1.416227   0.292251  -1.123975 
     6240.0000  -1.413028   0.284845  -1.128183 
     6250.0000  -1.423147   0.289753  -1.133393 
     6260.0000  -1.425028   0.300238  -1.124790 
     6270.0000  -1.422859   0.297304  -1.125554 
     6280.0000  -1.413466   0.287746  -1.125720 
     6290.0000  -1.411889   0.285964  -1.125925 
     6300.0000  -1.421362   0.291491  -1.129871 
     6310.0000  -1.426541   0.296667  -1.129874 
     6320.0000  -1.421019   0.293589  -1.127430 
     6330.0000  -1.426689   0.298419  -1.128269 
     6340.0000  -1.425564   0.291265  -1.134299 
     6350.0000  -1.413447   0.280453  -1.132993 
     6360.0000  -1.420528   0.279859  -1.140669 
     6370.0000  -1.429015   0.294043  -1.134972 
     6380.0000  -1.433102   0.299474  -1.133629 
     6390.0000  -1.423736   0.291533  -1.132203 
     6400.0000  -1.425642   0.298423  -1.127219 
     6410.0000  -1.416093   0.294568  -1.121525 
     6420.0000  -1.419785   0.293742  -1.126043 
     6430.0000  -1.428953   0.309111  -1.119842 
     6440.0000  -1.411659   0.292125  -1.119534 
     6450.0000  -1.414771   0.295453  -1.119319 
     6460.0000  -1.422111   0.310184  -1.111928 
     6470.0000  -1.406476   0.304926  -1.101551 
     6480.0000  -1.406381   0.304355  -1.102026 
     6490.0000  -1.403649   0.300653  -1.102996 
     6500.0000  -1.411374   0.307144  -1.104230 
     6510.0000  -1.404142   0.300409  -1.103733 
     6520.0000  -1.416113   0.305094  -1.111019 
     6530.0000  -1.417557   0.305387  -1.112170 
     6540.0000  -1.432705   0.312517  -1.120187 
     6550.0000  -1.404440   0.286800  -1.117640 
     6560.0000  -1.420901   0.299575  -1.121326 
     6570.0000  -1.425216   0.304560  -1.120656 
     6580.0000  -1.420890   0.300557  -1.120333 
     6590.0000  -1.425112   0.302665  -1.122446 
     6600.0000  -1.410285   0.294908  -1.115377 
     6610.0000  -1.419638   0.300116  -1.119522 
     6620.0000  -1.424614   0.299288  -1.125326 
     6630.0000  -1.429141   0.304251  -1.124891 
     6640.0000  -1.417069   0.293821  -1.123248 
     6650.0000  -1.421284   0.299444  -1.121839 
     6660.0000  -1.425392   0.307493  -1.117899 
     6670.0000  -1.420983   0.300780  -1.120203 
     6680.0000  -1.420432   0.297757  -1.122675 
     6690.0000  -1.420240   0.295262  -1.124979 
     6700.0000  -1.419995   0.299211  -1.120784 
     6710.0000  -1.420086   0.302001  -1.118084 
     6720.0000  -1.422053   0.306827  -1.115226 
     6730.0000  -1.421816   0.308161  -1.113655 
     6740.0000  -1.420760   0.293820  -1.126939 
     6750.0000  -1.412866   0.291646  -1.121220 
     6760.0000  -1.413790   0.294676  -1.119114 
     6770.0000  -1.421282   0.302468  -1.118814 
     6780.0000  -1.410023   0.290576  -1.119447 
     6790.0000  -1.415031   0.295901  -1.119130 
     6800.0000  -1.422765   0.302266  -1.120499 
     6810.0000  -1.422401   0.304300  -1.118100 
     6820.0000  -1.425105   0.297020  -1.128085 
     6830.0000  -1.413411   0.288947  -1.124465 
     6840.0000  -1.422063   0.293223  -1.128840 
     6850.0000  -1.431126   0.303327  -1.127799 
     6860.0000  -1.427471   0.304326  -1.123145 
     6870.0000  -1.428860   0.310550  -1.118310 
     6880.0000  -1.420955   0.302299  -1.118656 
     6890.0000  -1.421182   0.308052  -1.113130 
     6900.0000  -1.426848   0.313386  -1.113462 
     6910.0000  -1.411268   0.305016  -1.106252 
     6920.0000  -1.413593   0.307703  -1.105889 
     6930.0000  -1.414639   0.303718  -1.110921 
     6940.0000  -1.421406   0.306582  -1.114824 
     6950.0000  -1.414598   0.298446  -1.116153 
     6960.0000  -1.419260   0.298321  -1.120939 
     6970.0000  -1.417462   0.297149  -1.120313 
     6980.0000  -1.421487   0.297254  -1.124233 
     6990.0000  -1.423733   0.302265  -1.121468 
     7000.0000  -1.419204   0.295300  -1.123904 
     7010.0000  -1.416771   0.291247  -1.125524 
     7020.0000  -1.416651   0.293919  -1.122732 
     7030.0000  -1.416148   0.294839  -1.121309 
     7040.0000  -1.413544   0.290868  -1.122676 
     7050.0000  -1.425917   0.299644  -1.126273 
     7060.0000  -1.417001   0.290816  -1.126185 
     7070.0000  -1.430021   0.307736  -1.122285 
     7080.0000  -1.417881   0.303542  -1.114339 
     7090.0000  -1.410082   0.293394  -1.116689 
     7100.0000  -1.406454   0.294750  -1.111704 
     7110.0000  -1.410290   0.297291  -1.112999 
     7120.0000  -1.407721   0.298178  -1.109543 
     7130.0000  -1.409747   0.303810  -1.105937 
     7140.0000  -1.409424   0.304870  -1.104554 
     7150.0000  -1.414312   0.311009  -1.103303 
     7160.0000  -1.410277   0.308839  -1.101438 
     7170.0000  -1.403654   0.305142  -1.098512 
     7180.0000  -1.412074   0.305357  -1.106717 
     7190.0000  -1.414255   0.308014  -1.106241 
     7200.0000  -1.413725   0.300117  -1.113608 
     7210.0000  -1.405482   0.295033  -1.110449 
     7220.0000  -1.411857   0.305845  -1.106012 
     7230.0000  -1.400003   0.297744  -1.102259 
     7240.0000  -1.407197   0.307459  -1.099738 
     7250.0000  -1.405784   0.308372  -1.097412 
     7260.0000  -1.406099   0.305101  -1.100997 
     7270.0000  -1.406290   0.305857  -1.100433 
     7280.0000  -1.399482   0.302268  -1.097214 
     7290.0000  -1.401529   0.309866  -1.091664 
     7300.0000  -1.409612   0.305002  -1.104611 
     7310.0000  -1.405052   0.299908  -1.105144 
     7320.0000  -1.409269   0.303996  -1.105273 
     7330.0000  -1.404043   0.294687  -1.109356 
     7340.0000  -1.409174   0.297653  -1.111521 
     7350.0000  -1.410904   0.297383  -1.113521 
     7360.0000  -1.411094   0.303856  -1.107239 
     7370.0000  -1.405972   0.297717  -1.108255 
     7380.0000  -1.406735   0.299707  -1.107029 
     7390.0000  -1.419638   0.308538  -1.111100 
     7400.0000  -1.417955   0.307406  -1.110549 
     7410.0000  -1.410939   0.300295  -1.110644 
     7420.0000  -1.413262   0.304701  -1.108562 
     7430.0000  -1.400580   0.293684  -1.106896 
     7440.0000  -1.418832   0.305905  -1.112927 
     7450.0000  -1.415156   0.305413  -1.109744 
     7460.0000  -1.410600   0.297800  -1.112800 
     7470.0000  -1.411090   0.294378  -1.116712 
     7480.0000  -1.410442   0.288619  -1.121823 
     7490.0000  -1.415677   0.286606  -1.129072 
     7500.0000  -1.412500   0.288900  -1.123600 
     7510.0000  -1.413424   0.284563  -1.128861 
     7520.0000  -1.423703   0.296371  -1.127332 
     7530.0000  -1.424857   0.296695  -1.128162 
     7540.0000  -1.423212   0.297966  -1.125246 
     7550.0000  -1.419465   0.288528  -1.130936 
     7560.0000  -1.416347   0.289935  -1.126411 
     7570.0000  -1.419567   0.301606  -1.117961 
     7580.0000  -1.405669   0.286231  -1.119437 
     7590.0000  -1.414494   0.297725  -1.116769 
     7600.0000  -1.425501   0.312874  -1.112627 
     7610.0000  -1.421829   0.300977  -1.120851 
     7620.0000  -1.413600   0.295473  -1.118127 
     7630.0000  -1.417220   0.299785  -1.117435 
     7640.0000  -1.416818   0.299494  -1.117324 
     7650.0000  -1.420168   0.296646  -1.123522 
     7660.0000  -1.411030   0.292059  -1.118971 
     7670.0000  -1.411286   0.288735  -1.122551 
     7680.0000  -1.412193   0.291896  -1.120297 
     7690.0000  -1.422372   0.299174  -1.123197 
     7700.0000  -1.428563   0.298390  -1.130173 
     7710.0000  -1.421352   0.296619  -1.124734 
     7720.0000  -1.415646   0.299708  -1.115938 
     7730.0000  -1.404384   0.301301  -1.103083 
     7740.0000  -1.409528   0.301829  -1.107700 
     7750.0000  -1.411844   0.304925  -1.106919 
     7760.0000  -1.402988   0.298993  -1.103994 
     7770.0000  -1.401381   0.300686  -1.100695 
     7780.0000  -1.402221   0.292862  -1.109359 
     7790.0000  -1.419547   0.304644  -1.114903 
     7800.0000  -1.409949   0.294772  -1.115177 
     7810.0000  -1.417485   0.297238  -1.120247 
     7820.0000  -1.413664   0.293945  -1.119719 
     7830.0000  -1.410678   0.302020  -1.108658 
     7840.0000  -1.412139   0.297984  -1.114156 
     7850.0000  -1.423101   0.302930  -1.120171 
     7860.0000  -1.409514   0.288352  -1.121162 
     7870.0000  -1.415954   0.297235  -1.118719 
     7880.0000  -1.417670   0.299068  -1.118601 
     7890.0000  -1.413790   0.297806  -1.115984 
     7900.0000  -1.408473   0.299835  -1.108638 
     7910.0000  -1.406187   0.288437  -1.117750 
     7920.0000  -1.410617   0.291903  -1.118714 
     7930.0000  -1.405783   0.297723  -1.108060 
     7940.0000  -1.407744   0.303873  -1.103870 
     7950.0000  -1.412790   0.302072  -1.110718 
     7960.0000  -1.415392   0.305390  -1.110002 
     7970.0000  -1.398820   0.295702  -1.103118 
     7980.0000  -1.409679   0.306971  -1.102708 
     7990.0000  -1.407025   0.302054  -1.104971 
     8000.0000  -1.408485   0.301995  -1.106490 
     8010.0000  -1.410351   0.300762  -1.109589 
     8020.0000  -1.421829   0.313991  -1.107838 
     8030.0000  -1.414454   0.303153  -1.111301 
     8040.0000  -1.413187   0.300017  -1.113170 
     8050.0000  -1.410824   0.298461  -1.112363 
     8060.0000  -1.416901   0.299301  -1.117599 
     8070.0000  -1.418694   0.297606  -1.121089 
     8080.0000  -1.411443   0.292608  -1.118835 
     8090.0000  -1.416159   0.293226  -1.122934 
     8100.0000  -1.421027   0.301846  -1.119180 
     8110.0000  -1.417467   0.293585  -1.123882 
     8120.0000  -1.422917   0.301596  -1.121321 
     8130.0000  -1.406033   0.287151  -1.118882 
     8140.0000  -1.402798   0.285853  -1.116945 
     8150.0000  -1.419366   0.297905  -1.121461 
     8160.0000  -1.413495   0.298466  -1.115029 
     8170.0000  -1.410215   0.297562  -1.112653 
     8180.0000  -1.414361   0.305647  -1.108714 
     8190.0000  -1.408849   0.297829  -1.111020 
     8200.0000  -1.411265   0.298992  -1.112273 
     8210.0000  -1.412504   0.301463  -1.111041 
     8220.0000  -1.400528   0.294442  -1.106086 
     8230.0000  -1.403214   0.295182  -1.108032 
     8240.0000  -1.416043   0.302507  -1.113537 
     8250.0000  -1.423942   0.307532  -1.116411 
     8260.0000  -1.426738   0.303168  -1.123571 
     8270.0000  -1.421700   0.299356  -1.122344 
     8280.0000  -1.416168   0.291182  -1.124986 
     8290.0000  -1.423205   0.295743  -1.127462 
     8300.0000  -1.416794   0.287637  -1.129156 
     8310.0000  -1.425884   0.298404  -1.127480 
     8320.0000  -1.421671   0.294034  -1.127638 
     8330.0000  -1.430626   0.303858  -1.126768 
     8340.0000  -1.424247   0.299880  -1.124366 
     8350.0000  -1.420059   0.302216  -1.117843 
     8360.0000  -1.427055   0.302357  -1.124698 
     8370.0000  -1.428141   0.304337  -1.123804 
     8380.0000  -1.421771   0.299244  -1.122527 
     8390.0000  -1.414621   0.299338  -1.115283 
     8400.0000  -1.411579   0.299012  -1.112567 
     8410.0000  -1.424913   0.310019  -1.114894 
     8420.0000  -1.425246   0.303199  -1.122047 
     8430.0000  -1.431899   0.312239  -1.119659 
     8440.0000  -1.416855   0.293483  -1.123372 
     8450.0000  -1.416980   0.298820  -1.118160 
     8460.0000  -1.416998   0.295406  -1.121592 
     8470.0000  -1.406862   0.289092  -1.117770 
     8480.0000  -1.414552   0.300415  -1.114137 
     8490.0000  -1.405898   0.296223  -1.109675 
     8500.0000  -1.413769   0.309686  -1.104083 
     8510.0000  -1.407904   0.302065  -1.105840 
     8520.0000  -1.414003   0.305096  -1.108907 
     8530.0000  -1.413410   0.304631  -1.108779 
     8540.0000  -1.406472   0.292906  -1.113567 
     8550.0000  -1.414369   0.301196  -1.113173 
     8560.0000  -1.397182   0.289007  -1.108175 
     8570.0000  -1.411787   0.303934  -1.107852 
     8580.0000  -1.407349   0.303602  -1.103746 
     8590.0000  -1.416420   0.311259  -1.105161 
     8600.0000  -1.405374   0.295254  -1.110120 
     8610.0000  -1.414167   0.300639  -1.113529 
     8620.0000  -1.410366   0.297393  -1.112973 
     8630.0000  -1.406835   0.296205  -1.110630 
     8640.0000  -1.412055   0.298821  -1.113233 
     8650.0000  -1.408965   0.300197  -1.108769 
     8660.0000  -1.418236   0.299025  -1.119211 
     8670.0000  -1.424069   0.296737  -1.127332 
     8680.0000  -1.408925   0.283606  -1.125319 
     8690.0000  -1.407553   0.289411  -1.118142 
     8700.0000  -1.414703   0.293113  -1.121591 
     8710.0000  -1.413539   0.298151  -1.115388 
     8720.0000  -1.402103   0.292905  -1.109198 
     8730.0000  -1.411078   0.303331  -1.107747 
     8740.0000  -1.408032   0.307487  -1.100545 
     8750.0000  -1.410053   0.308083  -1.101971 
     8760.0000  -1.398426   0.299556  -1.098870 
     8770.0000  -1.402648   0.309071  -1.093577 
     8780.0000  -1.398280   0.305980  -1.092301 
     8790.0000  -1.400350   0.310764  -1.089586 
     8800.0000  -1.393080   0.299224  -1.093857 
     8810.0000  -1.390708   0.298043  -1.092666 
     8820.0000  -1.395157   0.311589  -1.083567 
     8830.0000  -1.394568   0.303045  -1.091523 
     8840.0000  -1.391931   0.292725  -1.099206 
     8850.0000  -1.402459   0.303037  -1.099422 
     8860.0000  -1.394480   0.294735  -1.099745 
     8870.0000  -1.401055   0.311898  -1.089158 
     8880.0000  -1.395426   0.302248  -1.093178 
     8890.0000  -1.390177   0.301429  -1.088748 
     8900.0000  -1.394322   0.307071  -1.087250 
     8910.0000  -1.395260   0.308031  -1.087229 
     8920.0000  -1.391682   0.312102  -1.079579 
     8930.0000  -1.386476   0.307569  -1.078907 
     8940.0000  -1.397566   0.318950  -1.078617 
     8950.0000  -1.404742   0.303887  -1.100855 
     8960.0000  -1.406093   0.310904  -1.095189 
     8970.0000  -1.400264   0.302945  -1.097319 
     8980.0000  -1.401749   0.302109  -1.099640 
     8990.0000  -1.406266   0.295325  -1.110941 
     9000.0000  -1.421910   0.310905  -1.111004 
     9010.0000  -1.413682   0.304050  -1.109632 
     9020.0000  -1.406489   0.296388  -1.110100 
     9030.0000  -1.417693   0.304604  -1.113089 
     9040.0000  -1.407730   0.296314  -1.111416 
     9050.0000  -1.410414   0.294134  -1.116280 
     9060.0000  -1.408262   0.295053  -1.113208 
     9070.0000  -1.419626   0.305525  -1.114101 
     9080.0000  -1.419275   0.304082  -1.115194 
     9090.0000  -1.418463   0.300115  -1.118348 
     9100.0000  -1.418276   0.304388  -1.113888 
     9110.0000  -1.407821   0.295124  -1.112697 
     9120.0000  -1.413054   0.297984  -1.115070 
     9130.0000  -1.416035   0.301787  -1.114248 
     9140.0000  -1.403370   0.287072  -1.116298 
     9150.0000  -1.412143   0.300080  -1.112064 
     9160.0000  -1.413149   0.299572  -1.113577 
     9170.0000  -1.416196   0.309108  -1.107088 
     9180.0000  -1.409749   0.304738  -1.105011 
     9190.0000  -1.408178   0.297908  -1.110270 
     9200.0000  -1.400166   0.288035  -1.112131 
     9210.0000  -1.398885   0.289486  -1.109399 
     9220.0000  -1.411521   0.303444  -1.108076 
     9230.0000  -1.409523   0.300873  -1.108650 
     9240.0000  -1.411445   0.299272  -1.112173 
     9250.0000  -1.421599   0.302775  -1.118824 
     9260.0000  -1.412030   0.295657  -1.116373 
     9270.0000  -1.409840   0.291481  -1.118360 
     9280.0000  -1.402699   0.287332  -1.115368 
     9290.0000  -1.416811   0.294938  -1.121872 
     9300.0000  -1.409651   0.293854  -1.115797 
     9310.0000  -1.404786   0.291635  -1.113151 
     9320.0000  -1.405035   0.295373  -1.109663 
     9330.0000  -1.404590   0.292809  -1.111782 
     9340.0000  -1.414588   0.304051  -1.110537 
     9350.0000  -1.415419   0.304077  -1.111342 
     9360.0000  -1.401014   0.294274  -1.106740 
     9370.0000  -1.408884   0.304583  -1.104301 
     9380.0000  -1.405989   0.304287  -1.101702 
     9390.0000  -1.413211   0.307103  -1.106109 
     9400.0000  -1.416633   0.307835  -1.108798 
     9410.0000  -1.407609   0.294688  -1.112922 
     9420.0000  -1.422936   0.306155  -1.116781 
     9430.0000  -1.422018   0.296171  -1.125847 
     9440.0000  -1.417606   0.293453  -1.124153 
     9450.0000  -1.423219   0.301747  -1.121472 
     9460.0000  -1.422435   0.298896  -1.123539 
     9470.0000  -1.431282   0.302447  -1.128835 
     9480.0000  -1.431441   0.298502  -1.132939 
     9490.0000  -1.430716   0.300783  -1.129933 
     9500.0000  -1.427619   0.294872  -1.132747 
     9510.0000  -1.420816   0.295133  -1.125683 
     9520.0000  -1.418807   0.290176  -1.128632 
     9530.0000  -1.420181   0.297522  -1.122659 
     9540.0000  -1.419487   0.295172  -1.124315 
     9550.0000  -1.422479   0.288209  -1.134270 
     9560.0000  -1.430024   0.288808  -1.141216 
     9570.0000  -1.429946   0.289688  -1.140258 
     9580.0000  -1.429926   0.291135  -1.138791 
     9590.0000  -1.433340   0.298802  -1.134538 
     9600.0000  -1.414216   0.287572  -1.126643 
     9610.0000  -1.421467   0.302654  -1.118813 
     9620.0000  -1.425986   0.298347  -1.127639 
     9630.0000  -1.425285   0.299362  -1.125923 
     9640.0000  -1.421825   0.293308  -1.128517 
     9650.0000  -1.424506   0.291577  -1.132929 
     9660.0000  -1.425075   0.300665  -1.124411 
     9670.0000  -1.413509   0.292545  -1.120964 
     9680.0000  -1.426806   0.298874  -1.127932 
     9690.0000  -1.418849   0.293435  -1.125414 
     9700.0000  -1.405839   0.287641  -1.118198 
     9710.0000  -1.418069   0.291123  -1.126947 
     9720.0000  -1.419021   0.297002  -1.122019 
     9730.0000  -1.420263   0.297578  -1.122685 
     9740.0000  -1.417772   0.296286  -1.121486 
     9750.0000  -1.421994   0.303492  -1.118501 
     9760.0000  -1.418835   0.300091  -1.118744 
     9770.0000  -1.419282   0.305434  -1.113848 
     9780.0000  -1.424657   0.303174  -1.121483 
     9790.0000  -1.409481   0.291732  -1.117749 
     9800.0000  -1.416815   0.302871  -1.113944 
     9810.0000  -1.422939   0.305447  -1.117492 
     9820.0000  -1.422722   0.303839  -1.118882 
     9830.0000  -1.420649   0.297085  -1.123564 
     9840.0000  -1.426300   0.303804  -1.122495 
     9850.0000  -1.425708   0.303054  -1.122655 
     9860.0000  -1.419063   0.298882  -1.120181 
     9870.0000  -1.428101   0.298722  -1.129380 
     9880.0000  -1.425119   0.305302  -1.119817 
     9890.0000  -1.420599   0.296148  -1.124451 
     9900.0000  -1.433057   0.305084  -1.127973 
     9910.0000  -1.424570   0.296638  -1.127933 
     9920.0000  -1.425038   0.301663  -1.123375 
     9930.0000  -1.432193   0.305052  -1.127140 
     9940.0000  -1.428095   0.302794  -1.125301 
     9950.0000  -1.421655   0.291266  -1.130389 
     9960.0000  -1.425357   0.294973  -1.130385 
     9970.0000  -1.423855   0.294908  -1.128947 
     9980.0000  -1.429721   0.298347  -1.131375 
     9990.0000  -1.432007   0.299160  -1.132846 
    10000.0000  -1.422123   0.295155  -1.126968 
