        0.0000  -1.391726   0.309048  -1.082678 
       10.0000  -1.389921   0.309056  -1.080865 
       20.0000  -1.396142   0.308704  -1.087438 
       30.0000  -1.406319   0.310640  -1.095680 
       40.0000  -1.400367   0.306398  -1.093969 
       50.0000  -1.408464   0.314706  -1.093759 
       60.0000  -1.404090   0.303986  -1.100104 
       70.0000  -1.408287   0.302681  -1.105606 
       80.0000  -1.398595   0.291342  -1.107252 
       90.0000  -1.400823   0.294351  -1.106471 
      100.0000  -1.413249   0.309672  -1.103577 
      110.0000  -1.394087   0.290819  -1.103268 
      120.0000  -1.397514   0.302402  -1.095112 
      130.0000  -1.396301   0.298684  -1.097616 
      140.0000  -1.399734   0.303861  -1.095873 
      150.0000  -1.403006   0.301383  -1.101623 
      160.0000  -1.407678   0.305828  -1.101849 
      170.0000  -1.403962   0.297994  -1.105969 
      180.0000  -1.406076   0.301906  -1.104170 
      190.0000  -1.403370   0.295838  -1.107532 
      200.0000  -1.402243   0.296568  -1.105675 
      210.0000  -1.402848   0.295361  -1.107487 
      220.0000  -1.411094   0.305836  -1.105257 
      230.0000  -1.403680   0.304233  -1.099447 
      240.0000  -1.402486   0.295477  -1.107009 
      250.0000  -1.406248   0.295929  -1.110319 
      260.0000  -1.410680   0.300623  -1.110057 
      270.0000  -1.403275   0.300428  -1.102847 
      280.0000  -1.409209   0.301122  -1.108087 
      290.0000  -1.408990   0.300137  -1.108853 
      300.0000  -1.409448   0.307106  -1.102343 
      310.0000  -1.411635   0.310892  -1.100743 
      320.0000  -1.414353   0.315108  -1.099245 
      330.0000  -1.402095   0.303138  -1.098957 
      340.0000  -1.409267   0.306663  -1.102604 
      350.0000  -1.412528   0.310535  -1.101993 
      360.0000  -1.405803   0.306347  -1.099456 
      370.0000  -1.406383   0.301705  -1.104678 
      380.0000  -1.406036   0.297581  -1.108455 
      390.0000  -1.401482   0.298598  -1.102884 
      400.0000  -1.401116   0.305073  -1.096042 
      410.0000  -1.405807   0.307715  -1.098093 
      420.0000  -1.404011   0.303170  -1.100841 
      430.0000  -1.394940   0.296050  -1.098891 
      440.0000  -1.401145   0.309256  -1.091889 
      450.0000  -1.400283   0.304007  -1.096276 
      460.0000  -1.405988   0.305426  -1.100562 
      470.0000  -1.393921   0.292394  -1.101527 
      480.0000  -1.405402   0.303294  -1.102108 
      490.0000  -1.403205   0.304677  -1.098528 
      500.0000  -1.403853   0.304864  -1.098989 
      510.0000  -1.392570   0.297150  -1.095419 
      520.0000  -1.398182   0.297238  -1.100945 
      530.0000  -1.406637   0.302038  -1.104599 
      540.0000  -1.410267   0.298174  -1.112093 
      550.0000  -1.409537   0.292963  -1.116574 
      560.0000  -1.412247   0.303536  -1.108711 
      570.0000  -1.412618   0.302067  -1.110551 
      580.0000  -1.409203   0.296997  -1.112206 
      590.0000  -1.403855   0.297653  -1.106202 
      600.0000  -1.398025   0.298600  -1.099424 
      610.0000  -1.402601   0.303204  -1.099397 
      620.0000  -1.403494   0.294283  -1.109211 
      630.0000  -1.406866   0.295438  -1.111428 
      640.0000  -1.395219   0.289090  -1.106129 
      650.0000  -1.405963   0.297813  -1.108150 
      660.0000  -1.403184   0.297492  -1.105692 
      670.0000  -1.411060   0.303045  -1.108015 
      680.0000  -1.400218   0.298015  -1.102202 
      690.0000  -1.403961   0.300407  -1.103554 
      700.0000  -1.404212   0.297941  -1.106271 
      710.0000  -1.414359   0.309121  -1.105239 
      720.0000  -1.405615   0.298060  -1.107555 
      730.0000  -1.400795   0.296548  -1.104247 
      740.0000  -1.403393   0.300200  -1.103193 
      750.0000  -1.399631   0.292472  -1.107159 
      760.0000  -1.406573   0.301548  -1.105025 
      770.0000  -1.405215   0.299040  -1.106175 
      780.0000  -1.402268   0.304316  -1.097952 
      790.0000  -1.403021   0.296030  -1.106991 
      800.0000  -1.414749   0.298797  -1.115952 
      810.0000  -1.412831   0.299003  -1.113828 
      820.0000  -1.419085   0.305442  -1.113643 
      830.0000  -1.407806   0.293693  -1.114113 
      840.0000  -1.412763   0.295224  -1.117539 
      850.0000  -1.404042   0.284228  -1.119814 
      860.0000  -1.413441   0.296692  -1.116749 
      870.0000  -1.409834   0.301527  -1.108308 
      880.0000  -1.415570   0.303068  -1.112502 
      890.0000  -1.423619   0.305683  -1.117936 
      900.0000  -1.420625   0.302452  -1.118173 
      910.0000  -1.411842   0.295995  -1.115847 
      920.0000  -1.415717   0.298227  -1.117490 
      930.0000  -1.423630   0.297259  -1.126371 
      940.0000  -1.430837   0.302009  -1.128828 
      950.0000  -1.420563   0.291455  -1.129108 
      960.0000  -1.421547   0.297365  -1.124181 
      970.0000  -1.416917   0.293372  -1.123545 
      980.0000  -1.418141   0.292645  -1.125496 
      990.0000  -1.418015   0.294543  -1.123472 
     1000.0000  -1.412637   0.291307  -1.121329 
     1010.0000  -1.412724   0.289574  -1.123150 
     1020.0000  -1.414285   0.294084  -1.120201 
     1030.0000  -1.415720   0.293581  -1.122139 
     1040.0000  -1.411825   0.292292  -1.119533 
     1050.0000  -1.412940   0.303363  -1.109578 
     1060.0000  -1.403239   0.302330  -1.100909 
     1070.0000  -1.404715   0.304570  -1.100145 
     1080.0000  -1.396620   0.293391  -1.103229 
     1090.0000  -1.407345   0.306802  -1.100544 
     1100.0000  -1.406032   0.306451  -1.099581 
     1110.0000  -1.410865   0.302361  -1.108504 
     1120.0000  -1.410267   0.291288  -1.118979 
     1130.0000  -1.415363   0.296703  -1.118660 
     1140.0000  -1.412888   0.291742  -1.121145 
     1150.0000  -1.428967   0.307626  -1.121341 
     1160.0000  -1.415619   0.298288  -1.117330 
     1170.0000  -1.411975   0.295964  -1.116011 
     1180.0000  -1.411612   0.295956  -1.115656 
     1190.0000  -1.406281   0.290579  -1.115702 
     1200.0000  -1.417633   0.291103  -1.126530 
     1210.0000  -1.403854   0.288073  -1.115781 
     1220.0000  -1.410949   0.300762  -1.110187 
     1230.0000  -1.416403   0.307489  -1.108914 
     1240.0000  -1.411167   0.298283  -1.112884 
     1250.0000  -1.404529   0.291668  -1.112861 
     1260.0000  -1.412668   0.296618  -1.116050 
     1270.0000  -1.420693   0.304740  -1.115954 
     1280.0000  -1.419862   0.302802  -1.117061 
     1290.0000  -1.414981   0.303911  -1.111070 
     1300.0000  -1.419066   0.304671  -1.114395 
     1310.0000  -1.413344   0.297370  -1.115974 
     1320.0000  -1.417129   0.300972  -1.116157 
     1330.0000  -1.420014   0.300223  -1.119791 
     1340.0000  -1.423256   0.302382  -1.120874 
     1350.0000  -1.422428   0.304491  -1.117937 
     1360.0000  -1.411653   0.296620  -1.115033 
     1370.0000  -1.415177   0.303599  -1.111579 
     1380.0000  -1.414777   0.294667  -1.120110 
     1390.0000  -1.417262   0.298555  -1.118708 
     1400.0000  -1.424698   0.299089  -1.125610 
     1410.0000  -1.425651   0.305372  -1.120280 
     1420.0000  -1.424430   0.305621  -1.118809 
     1430.0000  -1.418394   0.299462  -1.118932 
     1440.0000  -1.413476   0.293029  -1.120447 
     1450.0000  -1.425506   0.300584  -1.124923 
     1460.0000  -1.430288   0.300514  -1.129774 
     1470.0000  -1.412703   0.286898  -1.125805 
     1480.0000  -1.425308   0.294547  -1.130761 
     1490.0000  -1.422086   0.292220  -1.129867 
     1500.0000  -1.435983   0.300339  -1.135644 
     1510.0000  -1.428555   0.300709  -1.127846 
     1520.0000  -1.418635   0.292984  -1.125652 
     1530.0000  -1.420045   0.297854  -1.122191 
     1540.0000  -1.423199   0.306626  -1.116573 
     1550.0000  -1.422709   0.303005  -1.119704 
     1560.0000  -1.419871   0.303669  -1.116203 
     1570.0000  -1.414043   0.296097  -1.117946 
     1580.0000  -1.414033   0.290668  -1.123365 
     1590.0000  -1.427457   0.305663  -1.121794 
     1600.0000  -1.424736   0.303021  -1.121715 
     1610.0000  -1.424574   0.296940  -1.127633 
     1620.0000  -1.430354   0.298720  -1.131634 
     1630.0000  -1.433265   0.301578  -1.131687 
     1640.0000  -1.427108   0.297793  -1.129315 
     1650.0000  -1.425111   0.296278  -1.128832 
     1660.0000  -1.425021   0.296456  -1.128565 
     1670.0000  -1.421267   0.291911  -1.129356 
     1680.0000  -1.425647   0.298929  -1.126718 
     1690.0000  -1.419864   0.294668  -1.125197 
     1700.0000  -1.425286   0.298621  -1.126665 
     1710.0000  -1.429106   0.302789  -1.126317 
     1720.0000  -1.426245   0.299454  -1.126791 
     1730.0000  -1.425591   0.296550  -1.129041 
     1740.0000  -1.424532   0.295991  -1.128541 
     1750.0000  -1.421936   0.297538  -1.124398 
     1760.0000  -1.422598   0.298056  -1.124543 
     1770.0000  -1.414602   0.291951  -1.122652 
     1780.0000  -1.416398   0.297737  -1.118661 
     1790.0000  -1.412130   0.291868  -1.120262 
     1800.0000  -1.420019   0.299773  -1.120246 
     1810.0000  -1.421099   0.302929  -1.118169 
     1820.0000  -1.413307   0.287597  -1.125710 
     1830.0000  -1.421465   0.294023  -1.127442 
     1840.0000  -1.429185   0.296321  -1.132864 
     1850.0000  -1.423659   0.296807  -1.126852 
     1860.0000  -1.428276   0.305536  -1.122740 
     1870.0000  -1.417599   0.298526  -1.119073 
     1880.0000  -1.425016   0.303181  -1.121835 
     1890.0000  -1.417078   0.294587  -1.122492 
     1900.0000  -1.417439   0.298876  -1.118563 
     1910.0000  -1.415117   0.294912  -1.120205 
     1920.0000  -1.413770   0.299432  -1.114339 
     1930.0000  -1.406350   0.289898  -1.116452 
     1940.0000  -1.416140   0.301311  -1.114829 
     1950.0000  -1.412399   0.297758  -1.114641 
     1960.0000  -1.408115   0.292609  -1.115506 
     1970.0000  -1.419989   0.301384  -1.118605 
     1980.0000  -1.413071   0.296088  -1.116983 
     1990.0000  -1.425295   0.305605  -1.119691 
     2000.0000  -1.423246   0.312814  -1.110432 
     2010.0000  -1.397040   0.293825  -1.103215 
     2020.0000  -1.407828   0.301596  -1.106231 
     2030.0000  -1.405406   0.305596  -1.099810 
     2040.0000  -1.398496   0.299483  -1.099012 
     2050.0000  -1.401713   0.298973  -1.102741 
     2060.0000  -1.405655   0.307547  -1.098108 
     2070.0000  -1.412090   0.309169  -1.102921 
     2080.0000  -1.395564   0.290823  -1.104741 
     2090.0000  -1.403375   0.300187  -1.103187 
     2100.0000  -1.407755   0.300860  -1.106895 
     2110.0000  -1.402405   0.298304  -1.104101 
     2120.0000  -1.402376   0.295935  -1.106441 
     2130.0000  -1.393853   0.291532  -1.102321 
     2140.0000  -1.398414   0.289058  -1.109355 
     2150.0000  -1.408068   0.301856  -1.106212 
     2160.0000  -1.409419   0.299723  -1.109695 
     2170.0000  -1.415774   0.305972  -1.109802 
     2180.0000  -1.407946   0.303275  -1.104671 
     2190.0000  -1.411067   0.301421  -1.109646 
     2200.0000  -1.417732   0.314279  -1.103453 
     2210.0000  -1.409333   0.304634  -1.104700 
     2220.0000  -1.404842   0.295964  -1.108878 
     2230.0000  -1.415014   0.299663  -1.115351 
     2240.0000  -1.407888   0.294082  -1.113806 
     2250.0000  -1.401597   0.294496  -1.107101 
     2260.0000  -1.397794   0.295492  -1.102302 
     2270.0000  -1.397518   0.299805  -1.097713 
     2280.0000  -1.400594   0.298612  -1.101982 
     2290.0000  -1.404258   0.300261  -1.103998 
     2300.0000  -1.397252   0.301371  -1.095880 
     2310.0000  -1.402958   0.304476  -1.098482 
     2320.0000  -1.396596   0.299233  -1.097363 
     2330.0000  -1.399298   0.302616  -1.096682 
     2340.0000  -1.406882   0.308036  -1.098846 
     2350.0000  -1.411008   0.310881  -1.100127 
     2360.0000  -1.402133   0.303846  -1.098287 
     2370.0000  -1.402029   0.304612  -1.097416 
     2380.0000  -1.410969   0.312458  -1.098511 
     2390.0000  -1.405375   0.304121  -1.101254 
     2400.0000  -1.402215   0.298134  -1.104081 
     2410.0000  -1.397681   0.300116  -1.097565 
     2420.0000  -1.402010   0.306385  -1.095625 
     2430.0000  -1.402458   0.302262  -1.100196 
     2440.0000  -1.406702   0.300366  -1.106336 
     2450.0000  -1.398012   0.294196  -1.103816 
     2460.0000  -1.411492   0.304324  -1.107168 
     2470.0000  -1.401849   0.297073  -1.104776 
     2480.0000  -1.405771   0.304409  -1.101362 
     2490.0000  -1.401164   0.302358  -1.098806 
     2500.0000  -1.405056   0.303165  -1.101891 
     2510.0000  -1.398779   0.293434  -1.105345 
     2520.0000  -1.405272   0.301162  -1.104110 
     2530.0000  -1.403939   0.293002  -1.110937 
     2540.0000  -1.405403   0.292430  -1.112972 
     2550.0000  -1.409304   0.291734  -1.117570 
     2560.0000  -1.409053   0.286196  -1.122856 
     2570.0000  -1.407004   0.284078  -1.122926 
     2580.0000  -1.408443   0.290216  -1.118226 
     2590.0000  -1.414040   0.298956  -1.115084 
     2600.0000  -1.418411   0.297255  -1.121156 
     2610.0000  -1.412434   0.297774  -1.114660 
     2620.0000  -1.403449   0.292197  -1.111252 
     2630.0000  -1.414045   0.302717  -1.111327 
     2640.0000  -1.401509   0.292191  -1.109318 
     2650.0000  -1.409333   0.298259  -1.111073 
     2660.0000  -1.419565   0.309480  -1.110085 
     2670.0000  -1.405456   0.295348  -1.110108 
     2680.0000  -1.401007   0.289973  -1.111034 
     2690.0000  -1.405002   0.296893  -1.108109 
     2700.0000  -1.403208   0.295917  -1.107291 
     2710.0000  -1.394854   0.292481  -1.102373 
     2720.0000  -1.396896   0.305188  -1.091708 
     2730.0000  -1.386237   0.299583  -1.086654 
     2740.0000  -1.400778   0.312132  -1.088646 
     2750.0000  -1.388958   0.305982  -1.082976 
     2760.0000  -1.389747   0.310992  -1.078755 
     2770.0000  -1.390449   0.305532  -1.084918 
     2780.0000  -1.390441   0.305413  -1.085028 
     2790.0000  -1.388710   0.303175  -1.085535 
     2800.0000  -1.385748   0.302469  -1.083278 
     2810.0000  -1.383778   0.297365  -1.086413 
     2820.0000  -1.390792   0.301569  -1.089223 
     2830.0000  -1.382192   0.293644  -1.088549 
     2840.0000  -1.388719   0.298704  -1.090015 
     2850.0000  -1.390828   0.303563  -1.087265 
     2860.0000  -1.383168   0.301818  -1.081351 
     2870.0000  -1.385917   0.297299  -1.088619 
     2880.0000  -1.380473   0.298542  -1.081930 
     2890.0000  -1.392755   0.303497  -1.089259 
     2900.0000  -1.380749   0.287616  -1.093134 
     2910.0000  -1.380441   0.291059  -1.089381 
     2920.0000  -1.379327   0.299999  -1.079327 
     2930.0000  -1.386046   0.305202  -1.080843 
     2940.0000  -1.385544   0.304135  -1.081410 
     2950.0000  -1.384084   0.302163  -1.081921 
     2960.0000  -1.374383   0.295859  -1.078524 
     2970.0000  -1.388634   0.310366  -1.078268 
     2980.0000  -1.377996   0.301859  -1.076137 
     2990.0000  -1.396903   0.312099  -1.084804 
     3000.0000  -1.383322   0.295821  -1.087501 
     3010.0000  -1.384817   0.297178  -1.087639 
     3020.0000  -1.390111   0.299022  -1.091089 
     3030.0000  -1.386161   0.291983  -1.094178 
     3040.0000  -1.392061   0.297368  -1.094693 
     3050.0000  -1.395392   0.303682  -1.091710 
     3060.0000  -1.394835   0.298809  -1.096025 
     3070.0000  -1.402798   0.298050  -1.104748 
     3080.0000  -1.404776   0.300788  -1.103988 
     3090.0000  -1.408340   0.299888  -1.108452 
     3100.0000  -1.403375   0.296725  -1.106650 
     3110.0000  -1.413821   0.302335  -1.111486 
     3120.0000  -1.404442   0.295723  -1.108719 
     3130.0000  -1.402709   0.299253  -1.103456 
     3140.0000  -1.396049   0.296043  -1.100007 
     3150.0000  -1.400353   0.289735  -1.110618 
     3160.0000  -1.413435   0.299784  -1.113651 
     3170.0000  -1.412623   0.296845  -1.115778 
     3180.0000  -1.408170   0.295387  -1.112783 
     3190.0000  -1.412805   0.293998  -1.118808 
     3200.0000  -1.405872   0.287981  -1.117891 
     3210.0000  -1.409401   0.296137  -1.113264 
     3220.0000  -1.414095   0.298009  -1.116086 
     3230.0000  -1.416334   0.297481  -1.118852 
     3240.0000  -1.409845   0.293686  -1.116159 
     3250.0000  -1.418138   0.297670  -1.120467 
     3260.0000  -1.413875   0.297794  -1.116082 
     3270.0000  -1.409475   0.283111  -1.126363 
     3280.0000  -1.419611   0.296661  -1.122950 
     3290.0000  -1.412452   0.289164  -1.123288 
     3300.0000  -1.419992   0.292112  -1.127881 
     3310.0000  -1.409212   0.289843  -1.119369 
     3320.0000  -1.412174   0.293774  -1.118400 
     3330.0000  -1.417205   0.298683  -1.118522 
     3340.0000  -1.420162   0.299059  -1.121103 
     3350.0000  -1.416880   0.295712  -1.121167 
     3360.0000  -1.409295   0.291479  -1.117816 
     3370.0000  -1.417882   0.300922  -1.116960 
     3380.0000  -1.420562   0.300985  -1.119577 
     3390.0000  -1.413853   0.293457  -1.120396 
     3400.0000  -1.421877   0.300927  -1.120950 
     3410.0000  -1.424015   0.302542  -1.121474 
     3420.0000  -1.425950   0.299150  -1.126800 
     3430.0000  -1.414172   0.290792  -1.123380 
     3440.0000  -1.429450   0.300938  -1.128512 
     3450.0000  -1.421180   0.296447  -1.124732 
     3460.0000  -1.415988   0.296312  -1.119676 
     3470.0000  -1.418662   0.302206  -1.116456 
     3480.0000  -1.418198   0.297443  -1.120755 
     3490.0000  -1.417587   0.293876  -1.123711 
     3500.0000  -1.420756   0.306079  -1.114677 
     3510.0000  -1.426067   0.305839  -1.120228 
     3520.0000  -1.414965   0.307956  -1.107009 
     3530.0000  -1.394174   0.299768  -1.094405 
     3540.0000  -1.403046   0.307975  -1.095071 
     3550.0000  -1.410716   0.308416  -1.102300 
     3560.0000  -1.412806   0.303511  -1.109295 
     3570.0000  -1.412864   0.305913  -1.106951 
     3580.0000  -1.415914   0.308410  -1.107504 
     3590.0000  -1.418389   0.312119  -1.106270 
     3600.0000  -1.410047   0.298256  -1.111791 
     3610.0000  -1.411001   0.308840  -1.102161 
     3620.0000  -1.401267   0.294157  -1.107110 
     3630.0000  -1.420626   0.299523  -1.121103 
     3640.0000  -1.417700   0.292085  -1.125616 
     3650.0000  -1.423287   0.306499  -1.116788 
     3660.0000  -1.405802   0.290874  -1.114928 
     3670.0000  -1.406900   0.297933  -1.108967 
     3680.0000  -1.402353   0.294928  -1.107425 
     3690.0000  -1.407510   0.298975  -1.108535 
     3700.0000  -1.407390   0.300286  -1.107104 
     3710.0000  -1.411478   0.298792  -1.112686 
     3720.0000  -1.410565   0.302346  -1.108219 
     3730.0000  -1.408158   0.303860  -1.104298 
     3740.0000  -1.405795   0.296941  -1.108853 
     3750.0000  -1.407364   0.297729  -1.109635 
     3760.0000  -1.401533   0.295491  -1.106042 
     3770.0000  -1.396251   0.295080  -1.101171 
     3780.0000  -1.404166   0.294378  -1.109789 
     3790.0000  -1.404458   0.298395  -1.106063 
     3800.0000  -1.401966   0.299291  -1.102674 
     3810.0000  -1.406431   0.299166  -1.107265 
     3820.0000  -1.414237   0.305818  -1.108419 
     3830.0000  -1.413529   0.303351  -1.110178 
     3840.0000  -1.399151   0.292282  -1.106869 
     3850.0000  -1.409308   0.298034  -1.111274 
     3860.0000  -1.406765   0.295876  -1.110889 
     3870.0000  -1.395337   0.288731  -1.106607 
     3880.0000  -1.399389   0.296431  -1.102959 
     3890.0000  -1.407650   0.305914  -1.101736 
     3900.0000  -1.393533   0.300776  -1.092757 
     3910.0000  -1.394139   0.300852  -1.093287 
     3920.0000  -1.405354   0.312956  -1.092398 
     3930.0000  -1.392406   0.292168  -1.100238 
     3940.0000  -1.392581   0.299425  -1.093157 
     3950.0000  -1.388284   0.303219  -1.085066 
     3960.0000  -1.388600   0.301177  -1.087423 
     3970.0000  -1.388336   0.299966  -1.088370 
     3980.0000  -1.394101   0.300379  -1.093722 
     3990.0000  -1.392681   0.304879  -1.087802 
     4000.0000  -1.391706   0.301815  -1.089891 
     4010.0000  -1.395029   0.307728  -1.087301 
     4020.0000  -1.396307   0.310833  -1.085474 
     4030.0000  -1.387007   0.305516  -1.081491 
     4040.0000  -1.398454   0.305355  -1.093099 
     4050.0000  -1.393348   0.300093  -1.093255 
     4060.0000  -1.390026   0.304530  -1.085496 
     4070.0000  -1.399526   0.309155  -1.090371 
     4080.0000  -1.393157   0.301613  -1.091544 
     4090.0000  -1.397469   0.299432  -1.098037 
     4100.0000  -1.398528   0.302861  -1.095666 
     4110.0000  -1.400450   0.302697  -1.097754 
     4120.0000  -1.397929   0.300924  -1.097005 
     4130.0000  -1.394783   0.302095  -1.092688 
     4140.0000  -1.398831   0.305206  -1.093625 
     4150.0000  -1.397234   0.300221  -1.097014 
     4160.0000  -1.392539   0.302967  -1.089572 
     4170.0000  -1.395877   0.304844  -1.091033 
     4180.0000  -1.405064   0.312378  -1.092686 
     4190.0000  -1.406275   0.309928  -1.096347 
     4200.0000  -1.404147   0.300163  -1.103984 
     4210.0000  -1.405758   0.308212  -1.097545 
     4220.0000  -1.406566   0.312539  -1.094026 
     4230.0000  -1.403434   0.314446  -1.088989 
     4240.0000  -1.403607   0.309851  -1.093757 
     4250.0000  -1.407500   0.306425  -1.101075 
     4260.0000  -1.404938   0.300459  -1.104480 
     4270.0000  -1.411512   0.306574  -1.104938 
     4280.0000  -1.404690   0.295835  -1.108855 
     4290.0000  -1.401771   0.293802  -1.107969 
     4300.0000  -1.398221   0.294380  -1.103840 
     4310.0000  -1.404979   0.304327  -1.100652 
     4320.0000  -1.408423   0.294997  -1.113427 
     4330.0000  -1.410126   0.295281  -1.114845 
     4340.0000  -1.414810   0.300438  -1.114372 
     4350.0000  -1.402714   0.292867  -1.109847 
     4360.0000  -1.409324   0.302974  -1.106350 
     4370.0000  -1.411728   0.298640  -1.113089 
     4380.0000  -1.410779   0.296435  -1.114345 
     4390.0000  -1.412055   0.301414  -1.110641 
     4400.0000  -1.403512   0.291913  -1.111600 
     4410.0000  -1.412229   0.302408  -1.109821 
     4420.0000  -1.406003   0.287712  -1.118290 
     4430.0000  -1.412995   0.296652  -1.116343 
     4440.0000  -1.413244   0.296778  -1.116466 
     4450.0000  -1.413283   0.296415  -1.116868 
     4460.0000  -1.418193   0.303837  -1.114356 
     4470.0000  -1.413498   0.299464  -1.114033 
     4480.0000  -1.409549   0.292428  -1.117121 
     4490.0000  -1.410923   0.291591  -1.119332 
     4500.0000  -1.419509   0.288942  -1.130567 
     4510.0000  -1.420025   0.294208  -1.125817 
     4520.0000  -1.410201   0.293080  -1.117121 
     4530.0000  -1.412077   0.288185  -1.123892 
     4540.0000  -1.416109   0.292226  -1.123883 
     4550.0000  -1.425479   0.302764  -1.122714 
     4560.0000  -1.419624   0.299100  -1.120524 
     4570.0000  -1.423464   0.304235  -1.119229 
     4580.0000  -1.416134   0.291740  -1.124394 
     4590.0000  -1.404994   0.292359  -1.112635 
     4600.0000  -1.413243   0.302297  -1.110945 
     4610.0000  -1.406843   0.298395  -1.108448 
     4620.0000  -1.404849   0.298830  -1.106020 
     4630.0000  -1.412242   0.300780  -1.111463 
     4640.0000  -1.397040   0.294373  -1.102667 
     4650.0000  -1.401436   0.303508  -1.097928 
     4660.0000  -1.395412   0.296863  -1.098549 
     4670.0000  -1.410715   0.304136  -1.106578 
     4680.0000  -1.414475   0.305709  -1.108766 
     4690.0000  -1.407460   0.292277  -1.115183 
     4700.0000  -1.415331   0.295608  -1.119723 
     4710.0000  -1.414834   0.300724  -1.114110 
     4720.0000  -1.410567   0.299139  -1.111428 
     4730.0000  -1.408516   0.297098  -1.111418 
     4740.0000  -1.412631   0.304980  -1.107651 
     4750.0000  -1.401629   0.287816  -1.113813 
     4760.0000  -1.417002   0.299296  -1.117706 
     4770.0000  -1.416373   0.302919  -1.113454 
     4780.0000  -1.409873   0.300135  -1.109738 
     4790.0000  -1.400547   0.299272  -1.101275 
     4800.0000  -1.405378   0.307997  -1.097381 
     4810.0000  -1.398544   0.307899  -1.090645 
     4820.0000  -1.395468   0.296013  -1.099455 
     4830.0000  -1.407712   0.312788  -1.094924 
     4840.0000  -1.403533   0.300326  -1.103207 
     4850.0000  -1.405535   0.309492  -1.096043 
     4860.0000  -1.401536   0.305626  -1.095911 
     4870.0000  -1.409714   0.310690  -1.099024 
     4880.0000  -1.403567   0.299437  -1.104131 
     4890.0000  -1.402245   0.291175  -1.111070 
     4900.0000  -1.409162   0.298053  -1.111109 
     4910.0000  -1.402798   0.297000  -1.105798 
     4920.0000  -1.403675   0.300277  -1.103398 
     4930.0000  -1.403232   0.299791  -1.103441 
     4940.0000  -1.409490   0.302903  -1.106587 
     4950.0000  -1.405664   0.302927  -1.102736 
     4960.0000  -1.399960   0.302712  -1.097248 
     4970.0000  -1.390273   0.297780  -1.092493 
     4980.0000  -1.406271   0.312968  -1.093303 
     4990.0000  -1.403472   0.312894  -1.090578 
     5000.0000  -1.400524   0.312676  -1.087847 
     5010.0000  -1.391487   0.303666  -1.087821 
     5020.0000  -1.398106   0.308850  -1.089256 
     5030.0000  -1.400257   0.313652  -1.086605 
     5040.0000  -1.391258   0.304838  -1.086420 
     5050.0000  -1.401136   0.310700  -1.090435 
     5060.0000  -1.398833   0.307484  -1.091350 
     5070.0000  -1.409855   0.307765  -1.102089 
     5080.0000  -1.414380   0.307194  -1.107186 
     5090.0000  -1.407348   0.300540  -1.106808 
     5100.0000  -1.416557   0.308192  -1.108364 
     5110.0000  -1.415096   0.297041  -1.118055 
     5120.0000  -1.415717   0.303468  -1.112249 
     5130.0000  -1.403639   0.300266  -1.103373 
     5140.0000  -1.400925   0.300946  -1.099979 
     5150.0000  -1.402756   0.304822  -1.097935 
     5160.0000  -1.407473   0.307894  -1.099579 
     5170.0000  -1.403779   0.295280  -1.108499 
     5180.0000  -1.409213   0.304740  -1.104473 
     5190.0000  -1.406144   0.300732  -1.105412 
     5200.0000  -1.415689   0.310794  -1.104894 
     5210.0000  -1.403680   0.296784  -1.106896 
     5220.0000  -1.399639   0.297470  -1.102168 
     5230.0000  -1.409912   0.303413  -1.106498 
     5240.0000  -1.403463   0.299413  -1.104050 
     5250.0000  -1.401955   0.299219  -1.102736 
     5260.0000  -1.410384   0.299470  -1.110915 
     5270.0000  -1.412095   0.303004  -1.109091 
     5280.0000  -1.408316   0.295584  -1.112733 
     5290.0000  -1.406978   0.295369  -1.111609 
     5300.0000  -1.410216   0.296517  -1.113699 
     5310.0000  -1.414525   0.301127  -1.113398 
     5320.0000  -1.413299   0.296863  -1.116437 
     5330.0000  -1.408206   0.292609  -1.115597 
     5340.0000  -1.410115   0.297677  -1.112438 
     5350.0000  -1.407610   0.298016  -1.109594 
     5360.0000  -1.404993   0.292250  -1.112742 
     5370.0000  -1.414181   0.299068  -1.115113 
     5380.0000  -1.412705   0.292963  -1.119741 
     5390.0000  -1.407345   0.290750  -1.116595 
     5400.0000  -1.418124   0.308473  -1.109651 
     5410.0000  -1.406907   0.288990  -1.117918 
     5420.0000  -1.409871   0.294085  -1.115786 
     5430.0000  -1.412196   0.297251  -1.114945 
     5440.0000  -1.415859   0.295792  -1.120067 
     5450.0000  -1.414546   0.292561  -1.121985 
     5460.0000  -1.408579   0.290658  -1.117922 
     5470.0000  -1.409663   0.300614  -1.109049 
     5480.0000  -1.407638   0.305276  -1.102362 
     5490.0000  -1.403234   0.299191  -1.104042 
     5500.0000  -1.407508   0.303274  -1.104234 
     5510.0000  -1.399635   0.294007  -1.105628 
     5520.0000  -1.411491   0.302636  -1.108854 
     5530.0000  -1.413462   0.299061  -1.114402 
     5540.0000  -1.403803   0.296935  -1.106868 
     5550.0000  -1.403290   0.298332  -1.104959 
     5560.0000  -1.407472   0.302312  -1.105160 
     5570.0000  -1.408999   0.301292  -1.107707 
     5580.0000  -1.397947   0.300149  -1.097798 
     5590.0000  -1.391675   0.292301  -1.099375 
     5600.0000  -1.397840   0.297513  -1.100327 
     5610.0000  -1.398858   0.291130  -1.107727 
     5620.0000  -1.406960   0.300371  -1.106589 
     5630.0000  -1.404848   0.303093  -1.101755 
     5640.0000  -1.400070   0.296194  -1.103876 
     5650.0000  -1.405127   0.301078  -1.104050 
     5660.0000  -1.394492   0.291764  -1.102728 
     5670.0000  -1.390887   0.295139  -1.095748 
     5680.0000  -1.392830   0.294967  -1.097863 
     5690.0000  -1.394520   0.288678  -1.105843 
     5700.0000  -1.398424   0.298217  -1.100206 
     5710.0000  -1.388395   0.285396  -1.103000 
     5720.0000  -1.402600   0.304535  -1.098065 
     5730.0000  -1.399275   0.295970  -1.103305 
     5740.0000  -1.408419   0.302312  -1.106106 
     5750.0000  -1.403681   0.302789  -1.100892 
     5760.0000  -1.403489   0.303694  -1.099795 
     5770.0000  -1.396601   0.300824  -1.095777 
     5780.0000  -1.402514   0.308811  -1.093703 
     5790.0000  -1.396121   0.306221  -1.089900 
     5800.0000  -1.396575   0.302368  -1.094207 
     5810.0000  -1.392235   0.295826  -1.096409 
     5820.0000  -1.387693   0.290421  -1.097271 
     5830.0000  -1.394603   0.297904  -1.096698 
     5840.0000  -1.395529   0.299142  -1.096387 
     5850.0000  -1.406259   0.308563  -1.097696 
     5860.0000  -1.386127   0.293565  -1.092562 
     5870.0000  -1.393951   0.305758  -1.088193 
     5880.0000  -1.397862   0.304383  -1.093480 
     5890.0000  -1.397343   0.309486  -1.087857 
     5900.0000  -1.383508   0.297094  -1.086414 
     5910.0000  -1.381729   0.297666  -1.084062 
     5920.0000  -1.396455   0.304399  -1.092056 
     5930.0000  -1.392673   0.298582  -1.094091 
     5940.0000  -1.398076   0.306052  -1.092023 
     5950.0000  -1.388483   0.300049  -1.088434 
     5960.0000  -1.382983   0.296479  -1.086504 
     5970.0000  -1.392510   0.302710  -1.089800 
     5980.0000  -1.392360   0.299106  -1.093254 
     5990.0000  -1.398062   0.309080  -1.088982 
     6000.0000  -1.388133   0.305504  -1.082629 
     6010.0000  -1.398438   0.308118  -1.090320 
     6020.0000  -1.392607   0.300932  -1.091675 
     6030.0000  -1.405029   0.306788  -1.098241 
     6040.0000  -1.390691   0.296143  -1.094547 
     6050.0000  -1.399035   0.303315  -1.095720 
     6060.0000  -1.398506   0.301286  -1.097220 
     6070.0000  -1.396343   0.302763  -1.093580 
     6080.0000  -1.398448   0.304013  -1.094435 
     6090.0000  -1.399091   0.304608  -1.094483 
     6100.0000  -1.395684   0.304303  -1.091381 
     6110.0000  -1.403499   0.304578  -1.098921 
     6120.0000  -1.412508   0.310985  -1.101524 
     6130.0000  -1.394178   0.292745  -1.101432 
     6140.0000  -1.399240   0.300058  -1.099182 
     6150.0000  -1.401151   0.300086  -1.101065 
     6160.0000  -1.401379   0.299608  -1.101771 
     6170.0000  -1.391881   0.295539  -1.096343 
     6180.0000  -1.393080   0.297243  -1.095837 
     6190.0000  -1.403400   0.311737  -1.091664 
     6200.0000  -1.392578   0.297976  -1.094603 
     6210.0000  -1.393022   0.298264  -1.094758 
     6220.0000  -1.391165   0.294647  -1.096518 
     6230.0000  -1.403965   0.303881  -1.100084 
     6240.0000  -1.407752   0.306270  -1.101482 
     6250.0000  -1.405795   0.304763  -1.101032 
     6260.0000  -1.400441   0.304433  -1.096008 
     6270.0000  -1.405452   0.310565  -1.094886 
     6280.0000  -1.389261   0.299993  -1.089268 
     6290.0000  -1.405944   0.317900  -1.088044 
     6300.0000  -1.389709   0.299899  -1.089810 
     6310.0000  -1.407633   0.304798  -1.102835 
     6320.0000  -1.399763   0.299584  -1.100179 
     6330.0000  -1.398836   0.298086  -1.100750 
     6340.0000  -1.393587   0.289019  -1.104568 
     6350.0000  -1.402510   0.296249  -1.106262 
     6360.0000  -1.401585   0.294234  -1.107351 
     6370.0000  -1.413194   0.303039  -1.110155 
     6380.0000  -1.407511   0.297280  -1.110231 
     6390.0000  -1.409135   0.295103  -1.114032 
     6400.0000  -1.411218   0.293519  -1.117699 
     6410.0000  -1.409084   0.295099  -1.113985 
     6420.0000  -1.412670   0.300148  -1.112522 
     6430.0000  -1.411838   0.291693  -1.120145 
     6440.0000  -1.415057   0.300512  -1.114545 
     6450.0000  -1.397278   0.282014  -1.115263 
     6460.0000  -1.417573   0.297711  -1.119861 
     6470.0000  -1.413427   0.300801  -1.112627 
     6480.0000  -1.415326   0.300196  -1.115130 
     6490.0000  -1.401643   0.298676  -1.102967 
     6500.0000  -1.407721   0.300308  -1.107413 
     6510.0000  -1.417465   0.312301  -1.105163 
     6520.0000  -1.405134   0.302925  -1.102209 
     6530.0000  -1.403880   0.295462  -1.108418 
     6540.0000  -1.402632   0.295164  -1.107469 
     6550.0000  -1.400553   0.298304  -1.102248 
     6560.0000  -1.408543   0.304524  -1.104019 
     6570.0000  -1.406361   0.303836  -1.102525 
     6580.0000  -1.411938   0.309149  -1.102790 
     6590.0000  -1.400702   0.293221  -1.107481 
     6600.0000  -1.406203   0.300422  -1.105781 
     6610.0000  -1.410325   0.305420  -1.104905 
     6620.0000  -1.411646   0.301297  -1.110349 
     6630.0000  -1.402865   0.296758  -1.106107 
     6640.0000  -1.404420   0.303264  -1.101156 
     6650.0000  -1.416217   0.304488  -1.111729 
     6660.0000  -1.412355   0.295771  -1.116584 
     6670.0000  -1.410605   0.293430  -1.117175 
     6680.0000  -1.406147   0.292477  -1.113670 
     6690.0000  -1.408593   0.300240  -1.108353 
     6700.0000  -1.392376   0.290581  -1.101795 
     6710.0000  -1.411225   0.308185  -1.103040 
     6720.0000  -1.409682   0.300459  -1.109222 
     6730.0000  -1.411369   0.298082  -1.113287 
     6740.0000  -1.409046   0.295803  -1.113242 
     6750.0000  -1.407239   0.294080  -1.113159 
     6760.0000  -1.402754   0.302415  -1.100339 
     6770.0000  -1.395778   0.296299  -1.099479 
     6780.0000  -1.401340   0.307263  -1.094076 
     6790.0000  -1.412517   0.323040  -1.089477 
     6800.0000  -1.393744   0.300968  -1.092776 
     6810.0000  -1.390582   0.296048  -1.094534 
     6820.0000  -1.401429   0.308408  -1.093022 
     6830.0000  -1.395143   0.301156  -1.093987 
     6840.0000  -1.403031   0.307273  -1.095758 
     6850.0000  -1.420007   0.314494  -1.105513 
     6860.0000  -1.403732   0.297351  -1.106380 
     6870.0000  -1.404214   0.299739  -1.104475 
     6880.0000  -1.394737   0.298587  -1.096150 
     6890.0000  -1.408513   0.311211  -1.097302 
     6900.0000  -1.413087   0.312380  -1.100707 
     6910.0000  -1.414516   0.318320  -1.096196 
     6920.0000  -1.408589   0.303806  -1.104783 
     6930.0000  -1.408125   0.302599  -1.105526 
     6940.0000  -1.400845   0.297001  -1.103844 
     6950.0000  -1.419963   0.311914  -1.108049 
     6960.0000  -1.429991   0.323527  -1.106463 
     6970.0000  -1.402442   0.295614  -1.106827 
     6980.0000  -1.416143   0.300415  -1.115728 
     6990.0000  -1.412103   0.294814  -1.117290 
     7000.0000  -1.422453   0.300013  -1.122440 
     7010.0000  -1.428580   0.308306  -1.120274 
     7020.0000  -1.411957   0.293943  -1.118015 
     7030.0000  -1.413837   0.299297  -1.114540 
     7040.0000  -1.416884   0.303922  -1.112962 
     7050.0000  -1.409297   0.302467  -1.106829 
     7060.0000  -1.415718   0.304281  -1.111438 
     7070.0000  -1.411291   0.295237  -1.116054 
     7080.0000  -1.416939   0.297734  -1.119206 
     7090.0000  -1.414620   0.299206  -1.115415 
     7100.0000  -1.413592   0.299070  -1.114522 
     7110.0000  -1.412157   0.298473  -1.113684 
     7120.0000  -1.414202   0.306043  -1.108159 
     7130.0000  -1.415502   0.301294  -1.114207 
     7140.0000  -1.421173   0.301337  -1.119836 
     7150.0000  -1.417297   0.294229  -1.123069 
     7160.0000  -1.425261   0.304047  -1.121215 
     7170.0000  -1.414799   0.302516  -1.112283 
     7180.0000  -1.422868   0.305219  -1.117648 
     7190.0000  -1.398329   0.288964  -1.109365 
     7200.0000  -1.411203   0.306314  -1.104890 
     7210.0000  -1.418369   0.310472  -1.107897 
     7220.0000  -1.405100   0.298328  -1.106772 
     7230.0000  -1.415241   0.303791  -1.111450 
     7240.0000  -1.421457   0.305148  -1.116309 
     7250.0000  -1.415778   0.304018  -1.111760 
     7260.0000  -1.418457   0.306319  -1.112137 
     7270.0000  -1.408538   0.295252  -1.113286 
     7280.0000  -1.413355   0.296374  -1.116981 
     7290.0000  -1.412560   0.299557  -1.113003 
     7300.0000  -1.403504   0.293687  -1.109818 
     7310.0000  -1.425785   0.308544  -1.117241 
     7320.0000  -1.412872   0.301471  -1.111402 
     7330.0000  -1.405252   0.297016  -1.108236 
     7340.0000  -1.416491   0.300375  -1.116117 
     7350.0000  -1.407998   0.290289  -1.117709 
     7360.0000  -1.417044   0.302248  -1.114796 
     7370.0000  -1.421258   0.298720  -1.122538 
     7380.0000  -1.411390   0.287574  -1.123816 
     7390.0000  -1.416912   0.301102  -1.115809 
     7400.0000  -1.415542   0.299908  -1.115634 
     7410.0000  -1.411797   0.291977  -1.119820 
     7420.0000  -1.415433   0.299636  -1.115796 
     7430.0000  -1.411952   0.296671  -1.115281 
     7440.0000  -1.417654   0.296999  -1.120655 
     7450.0000  -1.416818   0.294412  -1.122407 
     7460.0000  -1.406468   0.294574  -1.111894 
     7470.0000  -1.416143   0.300676  -1.115467 
     7480.0000  -1.423959   0.304004  -1.119955 
     7490.0000  -1.416124   0.296349  -1.119775 
     7500.0000  -1.404378   0.291851  -1.112527 
     7510.0000  -1.413537   0.297269  -1.116268 
     7520.0000  -1.413232   0.300098  -1.113134 
     7530.0000  -1.406311   0.291998  -1.114313 
     7540.0000  -1.407124   0.300632  -1.106492 
     7550.0000  -1.416044   0.305695  -1.110349 
     7560.0000  -1.412298   0.296558  -1.115740 
     7570.0000  -1.411319   0.297082  -1.114237 
     7580.0000  -1.419249   0.301694  -1.117555 
     7590.0000  -1.418041   0.304151  -1.113890 
     7600.0000  -1.414311   0.305546  -1.108766 
     7610.0000  -1.415319   0.310906  -1.104414 
     7620.0000  -1.411291   0.297545  -1.113746 
     7630.0000  -1.404637   0.289710  -1.114927 
     7640.0000  -1.428896   0.300603  -1.128293 
     7650.0000  -1.433632   0.301902  -1.131731 
     7660.0000  -1.430153   0.294996  -1.135157 
     7670.0000  -1.419174   0.283959  -1.135215 
     7680.0000  -1.424158   0.288646  -1.135512 
     7690.0000  -1.423057   0.286741  -1.136316 
     7700.0000  -1.419321   0.289097  -1.130223 
     7710.0000  -1.415091   0.291855  -1.123236 
     7720.0000  -1.416150   0.296242  -1.119908 
     7730.0000  -1.418914   0.296500  -1.122414 
     7740.0000  -1.411246   0.294986  -1.116260 
     7750.0000  -1.416873   0.304897  -1.111975 
     7760.0000  -1.418162   0.309594  -1.108568 
     7770.0000  -1.412686   0.311955  -1.100731 
     7780.0000  -1.402240   0.297180  -1.105060 
     7790.0000  -1.410399   0.308759  -1.101641 
     7800.0000  -1.402561   0.297583  -1.104978 
     7810.0000  -1.409168   0.299755  -1.109412 
     7820.0000  -1.413297   0.304380  -1.108917 
     7830.0000  -1.406458   0.293249  -1.113209 
     7840.0000  -1.411854   0.296690  -1.115163 
     7850.0000  -1.407912   0.297523  -1.110389 
     7860.0000  -1.411524   0.301993  -1.109531 
     7870.0000  -1.406543   0.302626  -1.103917 
     7880.0000  -1.402055   0.302358  -1.099697 
     7890.0000  -1.402796   0.296998  -1.105797 
     7900.0000  -1.408423   0.301793  -1.106630 
     7910.0000  -1.400076   0.291393  -1.108684 
     7920.0000  -1.411571   0.304512  -1.107059 
     7930.0000  -1.411486   0.313849  -1.097636 
     7940.0000  -1.402506   0.307611  -1.094895 
     7950.0000  -1.398164   0.303768  -1.094396 
     7960.0000  -1.402655   0.304894  -1.097761 
     7970.0000  -1.407592   0.304059  -1.103534 
     7980.0000  -1.403053   0.301802  -1.101251 
     7990.0000  -1.398461   0.296874  -1.101587 
     8000.0000  -1.390090   0.290418  -1.099672 
     8010.0000  -1.408593   0.304760  -1.103832 
     8020.0000  -1.404279   0.296860  -1.107419 
     8030.0000  -1.396859   0.292619  -1.104240 
     8040.0000  -1.415074   0.306943  -1.108130 
     8050.0000  -1.410724   0.294535  -1.116188 
     8060.0000  -1.419386   0.300674  -1.118712 
     8070.0000  -1.408585   0.286858  -1.121727 
     8080.0000  -1.412035   0.296522  -1.115514 
     8090.0000  -1.407888   0.292794  -1.115094 
     8100.0000  -1.417347   0.295868  -1.121478 
     8110.0000  -1.416695   0.295035  -1.121660 
     8120.0000  -1.425189   0.301156  -1.124033 
     8130.0000  -1.421440   0.305918  -1.115522 
     8140.0000  -1.413881   0.305177  -1.108704 
     8150.0000  -1.418543   0.301745  -1.116798 
     8160.0000  -1.419764   0.294592  -1.125173 
     8170.0000  -1.422322   0.298483  -1.123840 
     8180.0000  -1.417321   0.296969  -1.120353 
     8190.0000  -1.417463   0.300779  -1.116684 
     8200.0000  -1.411626   0.299265  -1.112361 
     8210.0000  -1.409221   0.296590  -1.112632 
     8220.0000  -1.415132   0.299584  -1.115547 
     8230.0000  -1.417116   0.299404  -1.117712 
     8240.0000  -1.422797   0.303779  -1.119018 
     8250.0000  -1.419317   0.308136  -1.111181 
     8260.0000  -1.413984   0.302322  -1.111663 
     8270.0000  -1.414074   0.302469  -1.111604 
     8280.0000  -1.410525   0.301293  -1.109232 
     8290.0000  -1.416238   0.300758  -1.115480 
     8300.0000  -1.415625   0.298387  -1.117238 
     8310.0000  -1.411605   0.294376  -1.117229 
     8320.0000  -1.422711   0.299710  -1.123000 
     8330.0000  -1.414916   0.294755  -1.120161 
     8340.0000  -1.415658   0.291776  -1.123882 
     8350.0000  -1.414189   0.294236  -1.119953 
     8360.0000  -1.413665   0.294392  -1.119273 
     8370.0000  -1.414304   0.298889  -1.115415 
     8380.0000  -1.400081   0.289545  -1.110536 
     8390.0000  -1.408749   0.295188  -1.113561 
     8400.0000  -1.411969   0.300385  -1.111584 
     8410.0000  -1.417278   0.303152  -1.114126 
     8420.0000  -1.419814   0.299268  -1.120546 
     8430.0000  -1.418520   0.297870  -1.120650 
     8440.0000  -1.420289   0.299315  -1.120974 
     8450.0000  -1.418851   0.296589  -1.122263 
     8460.0000  -1.414919   0.300968  -1.113950 
     8470.0000  -1.416538   0.305056  -1.111482 
     8480.0000  -1.408122   0.303581  -1.104541 
     8490.0000  -1.405537   0.301328  -1.104209 
     8500.0000  -1.416167   0.307548  -1.108620 
     8510.0000  -1.411444   0.298665  -1.112780 
     8520.0000  -1.417422   0.299572  -1.117850 
     8530.0000  -1.414249   0.293515  -1.120734 
     8540.0000  -1.419752   0.287885  -1.131867 
     8550.0000  -1.415121   0.287811  -1.127310 
     8560.0000  -1.425838   0.296089  -1.129748 
     8570.0000  -1.430172   0.294797  -1.135375 
     8580.0000  -1.425710   0.295527  -1.130183 
     8590.0000  -1.426447   0.298171  -1.128276 
     8600.0000  -1.435146   0.304444  -1.130702 
     8610.0000  -1.427989   0.300197  -1.127793 
     8620.0000  -1.422736   0.292971  -1.129764 
     8630.0000  -1.423324   0.294551  -1.128773 
     8640.0000  -1.421815   0.291799  -1.130017 
     8650.0000  -1.425748   0.296569  -1.129179 
     8660.0000  -1.424551   0.296870  -1.127682 
     8670.0000  -1.416783   0.288826  -1.127957 
     8680.0000  -1.421829   0.303668  -1.118161 
     8690.0000  -1.423243   0.299633  -1.123610 
     8700.0000  -1.421254   0.298812  -1.122442 
     8710.0000  -1.415893   0.294894  -1.121000 
     8720.0000  -1.426096   0.309474  -1.116622 
     8730.0000  -1.425962   0.310271  -1.115691 
     8740.0000  -1.422681   0.305967  -1.116715 
     8750.0000  -1.428905   0.303375  -1.125529 
     8760.0000  -1.423316   0.298556  -1.124760 
     8770.0000  -1.421976   0.292116  -1.129860 
     8780.0000  -1.417545   0.289660  -1.127884 
     8790.0000  -1.420027   0.286670  -1.133357 
     8800.0000  -1.425357   0.295084  -1.130274 
     8810.0000  -1.429333   0.294910  -1.134424 
     8820.0000  -1.428617   0.293304  -1.135312 
     8830.0000  -1.425420   0.293823  -1.131597 
     8840.0000  -1.426133   0.296929  -1.129204 
     8850.0000  -1.411965   0.283650  -1.128315 
     8860.0000  -1.421896   0.290907  -1.130990 
     8870.0000  -1.423637   0.294705  -1.128932 
     8880.0000  -1.418482   0.294101  -1.124381 
     8890.0000  -1.421546   0.304959  -1.116587 
     8900.0000  -1.425358   0.311146  -1.114211 
     8910.0000  -1.420689   0.303829  -1.116860 
     8920.0000  -1.424741   0.306750  -1.117990 
     8930.0000  -1.425703   0.307577  -1.118125 
     8940.0000  -1.413868   0.294121  -1.119748 
     8950.0000  -1.418507   0.290035  -1.128473 
     8960.0000  -1.418694   0.300814  -1.117881 
     8970.0000  -1.425961   0.303741  -1.122221 
     8980.0000  -1.421908   0.309382  -1.112526 
     8990.0000  -1.413271   0.299286  -1.113984 
     9000.0000  -1.418385   0.301491  -1.116895 
     9010.0000  -1.420501   0.303554  -1.116947 
     9020.0000  -1.421967   0.306779  -1.115188 
     9030.0000  -1.432163   0.304760  -1.127403 
     9040.0000  -1.431028   0.296811  -1.134217 
     9050.0000  -1.437939   0.304076  -1.133863 
     9060.0000  -1.433845   0.306143  -1.127702 
     9070.0000  -1.421182   0.295103  -1.126079 
     9080.0000  -1.416411   0.293163  -1.123248 
     9090.0000  -1.421667   0.294040  -1.127627 
     9100.0000  -1.421402   0.290842  -1.130560 
     9110.0000  -1.426007   0.301067  -1.124940 
     9120.0000  -1.419772   0.297855  -1.121917 
     9130.0000  -1.413508   0.295462  -1.118047 
     9140.0000  -1.423017   0.303540  -1.119477 
     9150.0000  -1.415317   0.305141  -1.110176 
     9160.0000  -1.416141   0.300570  -1.115572 
     9170.0000  -1.408536   0.287806  -1.120730 
     9180.0000  -1.415509   0.301845  -1.113664 
     9190.0000  -1.415217   0.303781  -1.111435 
     9200.0000  -1.406898   0.301489  -1.105409 
     9210.0000  -1.410348   0.303212  -1.107136 
     9220.0000  -1.409999   0.300777  -1.109223 
     9230.0000  -1.411887   0.298629  -1.113257 
     9240.0000  -1.414630   0.302999  -1.111631 
     9250.0000  -1.408722   0.292924  -1.115797 
     9260.0000  -1.407807   0.299429  -1.108378 
     9270.0000  -1.409849   0.298993  -1.110856 
     9280.0000  -1.411741   0.299440  -1.112301 
     9290.0000  -1.419266   0.301565  -1.117701 
     9300.0000  -1.427634   0.306436  -1.121198 
     9310.0000  -1.415604   0.296381  -1.119223 
     9320.0000  -1.411282   0.297852  -1.113430 
     9330.0000  -1.431283   0.314753  -1.116529 
     9340.0000  -1.417072   0.307273  -1.109799 
     9350.0000  -1.421618   0.305950  -1.115668 
     9360.0000  -1.418541   0.300752  -1.117789 
     9370.0000  -1.424920   0.309595  -1.115324 
     9380.0000  -1.416630   0.304424  -1.112206 
     9390.0000  -1.415979   0.303918  -1.112061 
     9400.0000  -1.409004   0.297988  -1.111015 
     9410.0000  -1.416054   0.306285  -1.109769 
     9420.0000  -1.411360   0.299376  -1.111983 
     9430.0000  -1.406452   0.296801  -1.109650 
     9440.0000  -1.407100   0.295042  -1.112058 
     9450.0000  -1.403361   0.297401  -1.105960 
     9460.0000  -1.415677   0.304426  -1.111251 
     9470.0000  -1.401159   0.296390  -1.104768 
     9480.0000  -1.408122   0.299431  -1.108691 
     9490.0000  -1.414186   0.298454  -1.115732 
     9500.0000  -1.418936   0.299558  -1.119378 
     9510.0000  -1.420857   0.296068  -1.124789 
     9520.0000  -1.407095   0.289595  -1.117499 
     9530.0000  -1.420509   0.304205  -1.116304 
     9540.0000  -1.418411   0.303895  -1.114516 
     9550.0000  -1.419518   0.311088  -1.108430 
     9560.0000  -1.402327   0.299592  -1.102734 
     9570.0000  -1.411673   0.312970  -1.098704 
     9580.0000  -1.412939   0.309948  -1.102991 
     9590.0000  -1.417143   0.308366  -1.108777 
     9600.0000  -1.415458   0.306640  -1.108818 
     9610.0000  -1.415733   0.302182  -1.113551 
     9620.0000  -1.413509   0.302171  -1.111338 
     9630.0000  -1.415876   0.301533  -1.114343 
     9640.0000  -1.418379   0.304561  -1.113818 
     9650.0000  -1.414921   0.295357  -1.119564 
     9660.0000  -1.420323   0.300883  -1.119441 
     9670.0000  -1.419927   0.299951  -1.119976 
     9680.0000  -1.429220   0.300440  -1.128780 
     9690.0000  -1.433878   0.296674  -1.137204 
     9700.0000  -1.432338   0.300846  -1.131492 
     9710.0000  -1.426025   0.290952  -1.135073 
     9720.0000  -1.428872   0.299785  -1.129088 
     9730.0000  -1.422597   0.294891  -1.127706 
     9740.0000  -1.424015   0.296813  -1.127202 
     9750.0000  -1.414119   0.298971  -1.115147 
     9760.0000  -1.425696   0.312627  -1.113069 
     9770.0000  -1.409021   0.300676  -1.108345 
     9780.0000  -1.414548   0.305131  -1.109418 
     9790.0000  -1.421393   0.312809  -1.108584 
     9800.0000  -1.406911   0.300051  -1.106860 
     9810.0000  -1.422437   0.314407  -1.108029 
     9820.0000  -1.412456   0.307060  -1.105396 
     9830.0000  -1.415462   0.306575  -1.108887 
     9840.0000  -1.425997   0.310741  -1.115256 
     9850.0000  -1.418305   0.295221  -1.123084 
     9860.0000  -1.417114   0.290180  -1.126933 
     9870.0000  -1.418904   0.288844  -1.130060 
     9880.0000  -1.420932   0.289295  -1.131637 
     9890.0000  -1.432851   0.299582  -1.133269 
     9900.0000  -1.419127   0.285224  -1.133903 
     9910.0000  -1.423060   0.289998  -1.133062 
     9920.0000  -1.428994   0.291743  -1.137251 
     9930.0000  -1.433224   0.296755  -1.136469 
     9940.0000  -1.425775   0.300372  -1.125403 
     9950.0000  -1.423945   0.299712  -1.124233 
     9960.0000  -1.422753   0.296948  -1.125805 
     9970.0000  -1.429497   0.306657  -1.122840 
     9980.0000  -1.413963   0.293197  -1.120766 
     9990.0000  -1.416769   0.293212  -1.123557 
    10000.0000  -1.422151   0.297521  -1.124630 
